630679823
86633968
98367798
11212762
547658422
864298792
924035499
1031515336
266695376
196753852
804742207
553998861
206892567
539549559
282397585
466029470
201479457
400741071
570369362
42302334
466886731
242720144
493274288
323968810
983911791
725644283
914980541
26104648
874855140
266086624
649861736
256856791
1002999955
467564548
690900319
931380581
631299212
1032789558
692201143
1028397501
460663823
481728186
452106821
441970573
447820969
760345395
908580861
578023271
723739196
201164927
113048452
89586961
647784851
86076735
391281154
474432404
464560482
222571631
650661731
442504499
63155496
483503394
320939211
211646499
893424995
495493046
292894940
638374631
151437390
143250270
226834646
20885793
516517224
1026939814
318538040
2327874
588305777
844765529
1001991003
676240260
72199738
501557035
817377074
182388815
378659215
676612632
590875285
1021328520
702336296
228515168
755284998
590510646
1027366319
376334113
698356831
28412647
975335555
652344220
122960390
1049388252
183998241
559232296
289523677
588689052
550170268
1022427398
992932602
564192201
409024902
528665897
853027645
550665760
69875397
503134987
679666492
446595836
531988537
307904223
380258642
38892723
442111692
353811391
539044040
265979236
274338326
782884175
666870267
248586229
773257335
13821329
1029649427
205175841
829783450
517987574
726398672
834557690
1007449151
471211666
124059919
842400883
570937782
216336093
461858647
789115405
967616730
642742634
605844007
640681656
533460632
738690481
891911077
455127633
352434251
972722473
824055171
548199385
433715103
271432001
819633211
816320248
807146099
58492793
893532258
90286841
954665492
669970726
1041441647
519937217
700802045
782572334
530632407
133715584
631389120
688737521
874550807
706467740
895077379
506343673
796046987
197731967
342689007
674174625
789139147
933310148
609509212
328177731
50952577
452503234
771287665
401243751
393060769
606517201
699324017
175839865
461428570
489798841
28516646
217000636
94696527
196017369
601234433
169580369
83264209
205137975
392641511
245337069
939829110
83842059
213839268
754579254
465925680
868869252
712444172
505199008
109708131
846623632
461252063
571432120
13875903
417104752
795330072
794231867
447649847
21874727
495543818
112196887
647964051
562391316
739882249
638583890
877765840
739814055
174643349
377880750
244552874
243241628
808279552
184807074
927589579
858882326
523902496
60252170
753741798
667023680
56214058
311864694
392595716
441790172
40897052
244841123
1048059596
870500277
207208449
353429350
959843367
92554505
438991505
495641560
450257111
744956205
616423136
239027918
949250554
1026431920
249243469
400328011
623738284
849478777
466406938
54629744
409499822
591498993
356369820
294078613
6534791
193385933
368900721
1042547180
211964623
885056167
203337340
755884002
567206040
151530213
696250107
399385420
63779721
96686446
375792528
230177732
265701267
874583115
85908037
28309697
598159844
219131332
554817521
594808631
614185463
116422389
198422018
700896734
380593788
63241997
1046598721
151572346
179548474
955920563
530496997
450091772
235685439
793658060
966692277
81522731
641499338
903329214
45326720
545546546
321095688
375358132
57869583
123714195
222756697
499474650
460804317
129811114
356773840
969476030
761190089
185543685
892260430
191635063
210265529
533101636
823341268
41726658
870121153
432544070
332848502
754290091
679727142
837403477
383499179
135532915
150900988
743473830
531005913
1033515539
680030134
748981325
373099026
414896702
971727303
1042290823
340322876
1009260894
102555995
962967390
384719919
294924543
785955391
131764531
925503583
670858637
979459621
418086716
544426152
556897689
375967350
955233058
656668788
104047489
613834673
62724769
28131618
6479716
306914805
671257080
697459387
600973856
377589885
505057245
895577279
200072222
202720730
260967622
277104534
942950116
521406279
520837616
918804478
156572844
932382458
776002786
584284027
631582922
1026023442
507280727
984491696
385499165
507298381
271305997
171735634
961972354
751383170
828334902
312531231
39571063
692489714
604232360
407547015
198017744
6376200
895590092
497722653
636188473
540022685
694677134
306505316
925512030
32911827
799611472
858778217
35559953
598400141
71468789
990374455
863295313
331021756
404785281
863118796
389210543
259482838
332750509
792325247
583108209
1264407
87848555
400002844
916523044
467489181
522273562
314018844
622555688
123203174
854565768
590156041
453368357
735829690
23482961
826274449
940811244
416782045
989181143
758862426
888131594
472608596
363848853
1009692726
713318833
622232599
188392812
1019323265
926174519
709714380
12049495
288547114
399770244
647859148
357356711
211369241
632091914
903878095
549911911
789344251
596887970
1016045060
565481778
427474431
242929555
706181942
839187475
315131707
57342075
224688235
247407575
488059414
980535645
766655248
735032674
833556649
552796077
682523042
376012696
449814486
991469617
667680504
699504990
1031002514
82262407
1000542717
514645533
447519582
756841451
956460745
956729780
409360099
777042747
18584794
272399604
89678727
245579568
924767679
102049035
286191319
102222782
437377191
182868836
690472236
814460662
36214061
628953336
300249136
875178408
888593844
884073432
21133682
551519852
151307555
171844769
560484699
293731136
392115244
398001077
9629521
862138910
563337004
71099432
701997576
948546654
249942698
382027448
190044836
846012853
255379645
535774261
973627999
244768862
316874823
399184383
510795188
804244712
167596646
562575099
377621691
760041052
100095986
892767864
450287554
698596243
524202549
885967504
952086714
777884535
127838658
8398795
473512814
882541158
965098956
16622955
620616893
823412181
306017098
682256970
946195966
414283249
749410493
626645528
525974697
259402878
273971378
990825792
627759625
881647589
308932191
988995219
1033429515
58975946
208384759
981268653
888573411
50819836
465412891
155956756
863983124
215839336
240728034
221721566
1016600803
890288279
245849184
678690058
60287305
300028955
995727607
1032698404
960158053
1037300722
563376923
351131429
384081671
175279210
250606664
516032490
638495328
562181656
323677283
216096343
562672281
1013798453
563554265
827198332
535188737
76874338
121969638
944172413
863958395
909375706
284398983
364850277
80484106
117188717
853916072
796846175
450984668
563727722
75071316
948597220
695527380
59321609
125914446
631620800
995761069
76027082
493844660
176597750
208773467
485911743
991083074
1029705482
976809475
38470551
120224794
827827908
434843637
761637738
593561409
621703011
887114381
634943358
339583384
504502938
320170496
900543300
290850527
592404266
107594701
914013077
505765984
650511564
838850470
360743456
130825644
128945266
394337172
676892028
199717932
591028119
74981464
307937298
361070444
377532138
801152520
593890897
133394503
137782899
809160508
268863772
149322478
286429530
337329256
323270501
1012037067
769907430
471754529
887547616
989999485
1010305530
296525936
351881149
237847499
125102953
354418499
219687773
527773109
224899262
428051040
1009927890
687986098
305220948
840141228
300347894
975882207
459117229
135934183
132338478
593634812
680257616
927032043
825301852
523190394
384924867
770337059
468450728
582265275
936125213
333591531
207644343
754805539
455205118
645482621
1012384490
218247533
910021063
849207135
920130271
397823802
292351353
834919037
394742192
164265730
718706506
151599312
631658096
505160144
91192737
1050743579
910688208
661037670
996333880
603056324
722429425
927895488
444184390
790253781
539880070
506159207
1013210010
236862047
653955430
520815687
124426970
575479604
68780130
450919311
81531794
434224467
190432323
249680696
804679713
670901807
669435013
698241340
912655566
895712721
106222257
188052147
515849127
173959474
301527631
52120001
761149432
362165362
580143511
962326412
568191264
310691750
805482121
1044922808
195556962
315032084
112845340
900669614
284985745
752535853
676823296
626642845
360385924
450826341
772603126
1031970039
22096388
155001243
622745462
224023704
414116200
511988487
376244948
176458326
692199582
738870031
643820464
562006538
732393986
1003400971
589109704
116068009
539140010
775119173
948934163
874629995
754522077
909178051
64276328
376039114
515066484
662439029
183517151
782127773
749342668
337897999
35595484
930269377
145068230
502103801
201548440
552209046
456076506
902701753
1025398155
1035375588
582963843
990740880
586174785
530556105
727440415
195371025
384627162
21612358
235530751
399444087
368945834
930562264
614576083
98682252
210082076
79222507
600790753
795044535
604436746
103784805
643679045
543435301
27628641
688581895
734213442
926245214
747607678
806975870
309047706
577732060
686830488
682748722
778348495
474093476
912130083
826732000
1052200527
887271185
370264803
300212042
596551882
187208686
986676906
1008422327
284906966
982503467
639415688
578982232
38708034
510859360
393342685
1029615597
453514744
863058739
149956990
681392945
843106713
140696898
828249230
836000584
777347680
93503696
618292290
378231467
46016951
140083693
136010617
748783699
967030542
535730503
720211097
131939848
985940427
957698258
980264188
852801886
330745981
240141687
1009871986
222961531
831838768
340786303
162688505
229883703
718320762
1033822581
480184501
355691263
434264870
364480104
451520908
41297868
313366371
216375691
411258138
234706622
988633303
145325194
788305697
224097992
826835102
505189055
304394425
825014210
188111704
724770241
472831936
117135435
769306591
311433060
772245201
178526143
621237687
872726670
1032303148
247681125
555994572
280860517
121149612
745997500
981111173
532770399
265194342
229179284
803723254
688434143
397803279
1015692124
1015231380
870247024
352502579
470887218
480977216
42889032
539250778
444685090
666967639
247186098
143546277
414069711
879202189
228481140
229187281
942561881
948273588
790708871
600072426
768466987
691096354
1028822881
137424196
97813826
685291773
260649123
126649404
525988599
982187111
694094955
1041090594
154983243
57369923
132750459
300761087
259152244
882884907
46226188
51582395
795386593
417060416
980539667
543780706
125093216
1000898859
687485186
506766202
198283852
204013906
520400081
371546354
1034335479
706877754
15168094
818294809
527068357
289920768
698804868
32051664
755380073
363083804
223687371
509071685
447787396
79726518
971980872
437802537
786867396
510364708
60965892
63061668
844414653
868872303
404545485
839492538
290944927
907947270
40936118
665323547
385845185
15408579
859732995
348316760
360537290
701685496
68345167
695521799
604125766
760109023
707323305
553647827
936642610
1017031544
825114830
661693002
817605252
97049632
1365196
825970151
1010972081
235278081
362834778
169702097
659519897
862323210
379362024
1012992257
522321920
1017226280
286711235
95986721
943939361
1032386705
796807631
293597859
75116061
1024514098
334659140
345798547
43480659
289393144
1005848762
499675764
861559808
584378469
678162023
966871774
209364918
86371062
186319377
777185977
840864710
714642625
935864833
322419665
294135165
851237322
859600055
508762827
591157908
401811846
173429516
240412477
604945437
422992086
890762245
253865728
623645849
686002029
435028574
101386505
948783736
634797589
648631876
891007355
944339459
1011186357
257680278
399893577
363888508
124770539
603842353
323304022
242512259
1022764455
272561190
640622150
282344675
551602842
738418617
983675599
263880415
437340244
465762363
350818190
84631791
89332492
812726411
433524110
352561492
985529455
6309041
1011545995
271403267
657165097
894161767
867297699
176902474
490686265
498311847
70680571
262009448
454139396
653554123
59884562
728619844
567376370
996222553
739647866
297760994
65774259
289074058
735301408
422833012
771878846
279767413
423475422
270710081
295119133
302471783
117761056
595258221
722891225
745910182
398727697
54923708
318050834
501504391
798629727
333502534
804305587
267570190
316698963
154327888
702759017
140553289
630269323
210227170
640581164
890341128
995036377
470966903
948422229
961662812
248234196
819726434
237174045
557170999
119607473
458358090
615649898
99495576
476021708
455628050
60516443
796725922
969636136
398977180
259342888
284449674
379576642
786649948
834028500
329454774
47383612
604428974
716794302
586811258
187351027
196803402
260053391
494978286
101913079
89871541
659022460
1025116005
707518051
124869770
476725892
235073646
1021862024
450501970
539463300
977050467
460587665
445118193
453546574
150892732
725871272
316614909
497333487
690141878
575588117
295846010
129540093
766603436
537040969
241334740
279489255
322793688
544849406
31640981
1017215786
674436552
1003173505
721966757
443181346
104936596
682187388
273490022
223016111
591092639
749270790
10037630
716758108
927808869
93811097
989123556
128938541
62651525
965555074
226535546
127024561
892629784
547930817
290511849
477643797
1052318477
305362116
48517744
881572907
32757851
191072900
1013093154
757881974
76748438
363824096
1038542877
988867401
24692772
815688479
640489769
157231746
222670894
849121437
34236665
977340881
297721559
1042691516
794443840
335027291
864475319
367771529
598755883
263556210
741523051
1011373458
697562246
394854150
695248857
79921985
980831137
845966975
516011561
955052188
3822294
286053382
183881664
593173539
664883507
490509004
239393111
785025072
309569967
693560586
296723398
439723217
821131253
705995965
592603505
1334868
569485129
153369432
1042991603
87408986
60175163
941801965
799397797
291368190
832437764
1040232615
883335506
1014013308
878711650
989257046
939636848
674278161
623362268
465847188
522041312
912630955
351624914
666447836
430608099
470426283
475538393
708836720
312166309
662442334
110183131
964083173
243591911
149472727
859434861
47101459
49638493
1039518340
802343275
313951647
421214915
555721394
122989869
96427416
406596375
209686843
401779360
628351172
509115354
298007490
761488420
191154017
309551679
965964732
420531015
956813052
672445872
1036696064
131785542
931002562
252905408
604772422
1043285128
556629289
17210003
1043087227
541911106
673791347
653313809
13583127
801461160
802161754
45859433
588226850
204921406
595906298
885048066
818544442
555034083
1045001243
253118630
74066416
82334147
505852956
178801423
767673808
1017968722
884739355
151909356
755258106
177698444
347923037
56197280
685016195
120333463
237919812
451182658
532454426
193860455
709250401
478855203
877652559
634397224
1028738712
177955242
787513287
714640153
817391566
788754003
1053707289
761143029
436952697
829262119
5059402
380730366
692230387
1023185794
486051083
644407242
391337962
235130766
4510284
296199047
819628809
1049442244
242621544
35755895
295681942
379484105
184580666
466279798
378264563
793594416
519132850
74521827
827040312
911559202
698460665
1037175523
323315564
181857828
133925363
237203919
24111771
272216315
60285921
987290356
770699975
761740039
929301180
224905823
793041300
741554071
1044925071
900890596
45558074
331715065
736541429
843799387
820884570
396043459
426879556
14302965
691218593
603415485
653747948
691916429
960394003
512489546
871536525
923920107
93216973
232430880
932799968
458078733
1000567072
1048127509
271709925
997253109
974352919
792129528
117869083
134807692
739900465
773925697
632913409
264569919
1003084815
568005055
60183444
111634024
427720035
963759676
451334356
672989342
482108792
499529020
77676121
347679858
12966314
519793117
75746048
462966596
313474693
225189880
440714593
334031463
232011607
379992453
747989040
694518700
374229624
402283875
278545288
435403055
56185744
351237675
677452020
307174394
312078055
522773001
1003922777
326130801
388413112
182054493
84616889
374951224
948081346
730337748
1035539719
301642020
1043197161
47232424
342893593
483395316
145625030
596077237
365219480
717582600
932305638
32451667
777420834
649671728
1044639126
761428726
525809356
961521369
713127928
81495739
364737428
691930177
82789750
513190811
452289143
466832991
797467360
890835770
865861429
846745784
500571377
418017750
783418377
947197166
594174862
416955789
776701126
80350690
662981843
1036167894
137446532
863511973
127035357
467806038
51882842
755410456
325966459
208714023
758419943
521038849
691521865
1050766856
549402614
996853556
422478368
727955631
823154197
673678345
1052964598
716535485
546996492
362576686
873585030
19693192
1028241585
562042192
1027306203
530208347
467126646
113396549
229469510
122756831
709745495
50386149
94566606
357913254
505169978
870687663
600632478
839026402
677790290
408881136
876206528
29030205
490035619
1019839020
196538782
279676679
429402160
177188509
100183437
118666438
150887871
102705
648804615
271825456
288258461
991762862
396783539
950649209
590039234
952283347
135259979
792263582
160819260
21837985
749897306
451327616
725566374
570146700
119196515
628930012
25282791
878921887
79552841
969914093
976406465
369124154
501538333
1042748865
884296870
971337668
755009070
278943016
638764905
219291926
459599737
257434032
954692192
455007993
730477221
953772407
952268268
904770440
475300420
1011659151
101790530
585299352
947923148
419918298
1041292752
402569101
916176207
158670306
512167598
250914581
726683525
409210851
871053130
86497577
679558157
616216104
86784701
247068803
1049989910
65895133
474759821
1037918851
417400198
924006107
764169189
384868974
745998196
173301531
1004547484
777943257
753447785
693438218
598713298
315063654
855590925
495432546
1029659865
126849854
734489432
1032107303
292729732
617699384
446044584
497836984
881273190
928788372
468342816
492162379
781445458
612531993
498076782
240738727
591554945
21558344
737152337
95706891
204680822
518977517
142159751
370136679
187855232
417934440
687753444
643766918
47627880
585400877
716087137
314940911
449043351
140686322
605111890
512744153
321722772
39013103
983055597
307382517
755912757
985632122
268485944
152600324
135663485
425060757
571576977
127147149
335860608
366483822
492347759
1044569533
174088100
852563287
172620211
610403209
7498877
359326830
485064967
174473639
603029051
583476089
23081982
313112222
1051012997
303225916
507232276
441380914
737438198
175812104
759398017
297053749
566144641
789908064
436614713
726122830
265699546
443772826
426216156
370904125
800247085
435042793
560016595
501037301
780732500
673201496
307020294
772199131
52975818
903696812
124287680
50685413
542510897
526976562
691067003
319608045
822495750
25543364
78483205
1019296366
378168600
174234627
730817067
135083364
175327450
633947372
861903782
928963337
670665160
122031952
919567680
625110582
548734866
58460835
159986684
840261682
305764936
221100837
657974732
901156828
63598156
390106777
129572786
331090232
340725065
1029848241
219620572
72880699
186312149
159341545
63218277
653004091
1005626197
194293437
484234700
54314525
983768038
610893994
859862537
431928767
971952230
161520670
313044059
996834203
384391889
859751142
1052930858
319482233
108991949
101469382
426010415
390018961
495250464
29284678
107896179
647907720
838715825
231907208
869246510
953709408
324758298
278148446
821524671
815957710
744488330
330231392
275507489
403765420
748418258
943961620
952499023
826996009
315664382
84676519
39261205
549191231
480086777
700404818
718618623
97235274
384318830
288154726
96795683
25140168
617863892
975174974
860669496
116045632
496158829
25256378
30413400
870865757
150602963
1004693945
332916050
340634403
408953578
547217
889189059
472703420
202738172
440427002
521356427
618616613
831379898
321521790
890400552
373550489
680516751
451007881
724874341
226667105
520882422
798344804
315324504
1006362629
325981681
955978781
572119057
316866045
313033060
404265660
921505719
1045962128
204016525
20496285
655799241
553391078
791222713
723928026
424762763
214644515
935914645
444775166
722326694
330127746
939237122
585491784
900338947
47312322
578844060
574077247
164069686
56718245
241913263
503992616
868056009
732614871
156711230
1003346883
130479258
1012873843
272318273
630399454
284410321
991949333
977061163
599610173
908199906
451220669
885453522
1025954512
124569765
384625808
552988768
216684009
1009295060
347428383
354799052
406963072
448148908
300322025
667974189
635714761
906732770
513639363
138394776
592648918
753459176
959116257
965880022
1014959515
279468111
271212169
1036312672
949887031
203738924
547747165
66763648
365613849
1005368671
278574406
42908536
134676302
270520970
239063968
53767909
955604418
445555688
616615441
864956408
677091320
509423846
688959580
1039337383
71600015
17129302
953765964
522184304
849275082
812619972
537911379
629769396
496346636
505984296
977093600
613903220
453636851
95661594
932550596
713887214
227820978
843368780
692644138
14343639
195200556
92405601
258003765
679584537
410929138
517117241
283350957
761300162
303890217
615235015
995495619
265161882
89775574
287773298
499902318
147844922
920339779
655699744
939996823
8548755
453458260
765920761
646078674
776322274
567584396
36342368
995938520
766109617
726648641
802504057
1048817264
32523296
108532946
368405528
188027050
430238329
960433498
600163634
395156733
910284290
210903222
603535729
812754500
242597101
940625867
308502310
694806427
820980642
937309118
46593984
695391587
1002275512
907454025
331539022
579977067
385840159
9888807
379481844
761268782
591605209
865346749
121425355
126802010
342584913
92188617
977347003
32997556
279773443
209391374
935026485
959524494
974171811
176394713
1004360103
34906331
800118045
1041694934
348504856
382836691
314380291
777203987
384833981
405071381
240022847
395392184
290973336
131162439
582287391
213531369
686226163
56707120
374862328
392809436
249943420
333128675
481888948
1015046111
831727069
330094361
447972221
836409787
528885444
610815632
264038651
239311043
302231150
307717915
599102434
832141782
496986281
806116686
553698808
405901281
572499972
833238950
303930888
558783619
101166356
1039046585
837523188
57381637
213130463
20351924
375010715
521880111
984047250
986018489
642646780
1049714935
348179177
528703670
602952873
179266498
771629904
475848476
698250833
833247231
700385100
154810465
849579549
349276856
714080164
389152300
952888018
682120492
758858782
291170982
61672892
428631737
547523471
64134802
81655917
659920619
510929079
423236946
984968230
475939972
696641211
294318861
282230198
635415029
165642024
13875323
571219971
890947716
84292163
287382877
933099406
947358604
355411718
386845777
535531526
504074873
586460855
904544999
339224843
110204041
378730945
762006150
542087241
298256784
982422137
1036250880
766118250
509774257
258856467
834986619
1022843357
384355097
28662651
271227701
649737805
777663925
767253922
999238489
217798286
349109238
640237874
133042526
404055721
372927283
899339299
383830546
255001892
227569772
812065913
976552739
23686538
26003692
912132178
727792221
341154626
805214413
280051520
899172259
572822082
847430806
976727130
925355180
816278624
569434185
869985222
364812470
207775973
869052904
352445764
483616182
327317250
926079706
170792549
742283558
152405911
523169509
99589301
464831027
574435822
88461493
740939219
907677940
369180047
827212656
946150240
1037756522
457918426
1051891505
379563286
893881029
1031760031
569106149
263396495
583974517
459128701
646134420
815223451
441948409
940565860
1009692733
383525541
655257960
368559282
123541573
321217867
476297149
602122906
1042834767
930034389
974881547
37973822
212184084
436534705
387074461
965427815
531149161
581613390
1034690818
198463972
455848668
157829423
522058843
304991658
929851098
129863016
696303041
696355153
295017268
762566136
545387049
553832311
97500320
802645197
98480678
987973319
795085600
635430493
1027575931
774979651
401428818
157599048
855916930
626182501
852200669
1048409895
802577414
273165801
711608041
1052665737
947011458
101707271
983780195
465052990
215346348
129123522
893918968
400950501
475506922
896984
670303720
456633330
589008668
790703078
4316045
612773552
52160111
103495495
13798632
847632510
656649493
690748638
790941297
814610881
349465169
653643268
1049537181
735674095
182795483
538114791
968730438
88419955
332026676
626134018
540289113
830909604
117965523
478465353
5850400
284458890
337544196
137182848
399867927
441356284
225278282
188000279
259775271
339624130
872960261
826114584
247904342
259246196
985271732
843649359
160675272
339220571
497077714
381678056
213974143
666699293
248564585
323396676
270745458
32936273
210924962
320636761
778762797
101576622
1001685305
907029545
896899524
200318356
101584451
606960920
270597565
1019817382
113109199
1027945710
552996472
20110563
988325699
371761486
841839838
845897714
818622498
219148616
379372992
463128378
282390863
47451327
391191268
565042971
339086656
213472405
678254373
172673623
142170578
376077871
585004230
932439494
863860668
570551817
136440854
585502044
669349872
375733580
972313385
142391718
546817898
821184089
605759326
417778716
401819
1020550694
190291988
417758394
68170758
760306022
651244767
734264148
765146446
941398919
843605637
437689771
765612927
201967555
602913286
412271770
729356287
1005969881
145660358
726668476
446076365
932362039
32579545
876949300
886067550
139861120
874325637
71569120
352991021
877938660
865771606
889600720
338007950
619381862
496944429
295522826
128088101
798151945
984624392
864105270
824451507
766069739
652823303
424317048
566250035
736111283
226046762
415258599
550339782
37815023
293855603
476570073
559485976
93254223
425334332
32902299
685056296
10087110
788219134
787882062
1041547913
536309326
114140285
949421774
208358589
275902772
198849667
714908070
592762144
364022967
478103534
10170849
688198935
470288509
928924661
873249095
795216950
576543096
1048362001
128325085
471539545
465745519
766723822
995073576
624695247
251452956
415005350
924088010
811867929
974811023
954620217
101613246
620334777
1052698134
177407093
149127904
980402031
172274089
315375669
689186506
807089822
139892149
870883408
1002904780
32838774
849327764
853888444
812913162
19557374
912013564
202853620
958566979
704463320
763556382
279610419
665054609
547567243
666558447
1002701677
7402493
205122305
382104438
77706358
219116006
291298079
342695572
650945834
294413166
674215515
231645192
265052173
782468062
697533730
1048435059
117947463
326124840
386816139
189603999
309588334
691652469
752127044
143931460
917152924
531447437
81835985
864797314
626314643
1048758670
199253350
284128835
503073784
444843359
135259610
339098455
277271726
162290603
634935564
891335006
795168832
845293977
572597999
790844607
81883813
433311339
1020488552
470320736
420485931
165954202
436338742
885830222
857741056
202757460
373173024
380208734
1017814522
902228584
730890369
1122922
40044333
46594729
611265450
117355828
826174330
191102179
130485637
114931517
350859445
620594246
844403593
205567054
1007824645
94278730
15468222
745177793
15089416
158402297
1032973412
383441575
41165379
344715331
801268478
413982471
843154641
781637572
784501968
173921378
226079432
388142945
302178013
568262480
234039114
760273769
199297812
265670391
266813307
589260859
692682596
334829700
423335647
440490642
834972363
237916832
624866188
839991734
337646365
817502500
1033269239
166540140
856372617
939390690
271316803
1010166980
455522691
664409252
1027415047
892787794
943949882
468048690
55966061
68959538
395967867
323672052
38264237
276704954
69717198
594425201
75072167
981824026
891714507
986506481
806027459
582679103
723130818
935548495
919774445
1015766041
808431779
573621631
517419366
849254678
151122924
984090371
383175537
551778754
1049449468
278119571
603204452
22715298
280760620
1046672383
489979154
216761948
594144336
101447169
227135823
996933212
791850767
485433366
619172411
86381859
819023107
376335451
442022525
489853532
146958090
1049386609
65271345
842759720
320976518
338392873
692831506
862333054
443484979
553384819
1024849814
92798078
450432775
374655802
915490970
451487306
308449245
70427259
123726816
704122245
194539226
159506906
185162814
557075728
244958815
157191152
21013487
638261714
720406785
1003197074
652112023
523709427
322074843
286311821
140423519
792315768
789427098
549174443
656443509
973898887
218600291
951478471
682152173
476481874
972100377
1043863672
441785626
888519169
912446428
231017300
476508002
562948896
663529359
542364876
205221477
543377573
514542029
39678670
866259120
1018750272
424694584
711996073
413746799
181280225
793798564
607759665
364299284
278763111
485597866
464360809
191895599
353366335
740735276
982875012
344486885
104746442
918046722
514377902
260009508
516096276
281312669
896758016
1010476142
1049432030
49200711
251673500
92512012
412096866
773270613
651358291
549756482
893883530
785204622
629153980
817904217
969400036
151294256
151664939
221336079
516154486
814607396
311966888
432122463
417648989
1049603228
610539506
628793494
973403103
204851567
925430878
685863028
294891968
351002773
485446078
326482176
997927027
531126306
261744005
676856935
482529431
975840678
195226690
519172282
293214661
180197659
438465658
1039987964
221458345
159747310
765249135
1029560305
250424314
366014248
295858630
175624429
798987592
496155530
315538732
1042684859
627162685
1024986242
694691172
487882831
337194592
766599773
363035788
681505112
385537532
739244992
195667119
99065556
596848008
379416707
801595457
379170144
817571039
71006606
185217122
268937832
493557830
145664626
675747934
510444818
745537604
968356318
223027547
998111360
704203012
766049654
932759978
522696802
270700026
673263340
893504334
71161257
357075120
869075726
156635948
756744843
978342553
491438444
648617165
27333510
210721214
929717687
893991604
967057194
772797753
1052701514
686521192
131260285
546849145
791835738
699073319
37399145
549215879
614600221
1038078537
707007814
397554727
449979016
372667110
999827885
214750245
94599818
438466624
631056010
967768719
453343957
9306102
491085598
49679851
1028629920
498015332
67424066
891380331
367603094
251068293
55839320
538187183
319306592
539803316
94032089
55223314
573070415
315723865
182592147
119090312
66045467
424882015
643584804
387569924
39060486
342733705
844194785
686233217
497864914
844159593
896689210
792535324
403638855
178934921
154811600
1003840476
716279333
526022741
392368487
888723599
279564293
48449452
927011328
147789910
776618940
860300711
74022421
802679473
983183748
862653898
197885535
213456561
894493055
468909159
951031505
224183306
312488823
162305174
630398780
721647569
716333433
303202290
379092501
787621900
628057822
419127408
130616161
958508519
307939989
763036110
83801821
631395138
470784030
719490278
46146962
23324842
962534915
34932927
863154436
674040291
779236508
267990636
740436101
989648922
252313891
35843068
945158651
775330998
438600776
614361215
834427586
943749157
170379898
633660456
905673849
1047353000
110512823
247072881
1053031078
602754797
250831245
521610980
375145894
19108548
127795806
192413820
29071375
807897436
517536324
893754340
802803431
19423392
117988482
927711545
478516475
499086994
239109538
829833071
776172716
176092189
67269281
654652764
589906226
23399675
531542177
641596024
639224619
969172400
428951077
876696442
532088608
1001710090
49237183
300159051
838273874
960262078
148716415
878015437
544810059
783470584
540771663
975921137
70501474
916996564
357343322
42080156
369949189
78442089
596627976
300214501
853583865
191397503
1038784230
554995155
486168254
604328163
552254310
418885779
974397709
866474860
59326245
300694874
589389412
667512899
813547711
84337084
812955999
595605612
1049364028
547038563
544062454
890399573
943125518
694982887
58336949
580055160
749393084
213204990
990226368
234683647
15366531
502290241
538836438
752511851
97174382
119356082
247989749
1043161650
750062658
113604012
560021470
491734524
736758414
263575419
718161538
46272171
1006719768
891310712
502024092
566601311
86775742
968284235
335649870
265249846
920594893
601130982
352601460
786522442
838331891
236819
701291158
903986614
1030764911
693721426
179279533
226547625
845450477
30543293
157270777
511156925
374697772
721082750
392350267
95687725
89883536
966993686
1004677677
121938838
121845858
684931208
776299136
853522654
109859419
448799634
210691866
24712247
131601868
613254186
847869535
745056391
1018552897
191658793
318176953
418507703
431505009
9517830
751758383
254408312
4282359
748893367
253288690
539657053
389724256
890390393
922616834
172765696
21323443
808585689
943819542
111381586
778795008
49732425
1025436358
453056796
191234538
609979890
177028767
956605185
687116759
610781719
86864990
268786394
506579832
1038026709
192664950
1008596687
598549307
429078539
667133786
467235340
488995186
4737709
647306021
393971367
73550677
641164991
192866477
508229280
423044092
573590108
939253206
100643107
831854033
571590144
61008950
423758722
786739012
193973379
419684128
984779217
505415419
152310733
348818626
260593019
140680513
902216030
372317012
123437359
410733260
555895793
100631352
1027392311
730146692
775867818
959026304
921657703
910184234
249693391
169625419
476626088
337320777
237115456
395015817
735612001
513065998
912595866
739545683
735989849
809161629
437972129
249001940
120103551
432176329
329967877
460837626
582687796
174760206
835019097
278543043
538140898
264071871
607884147
1031691957
311389155
62654239
672844558
44590748
723865436
343745042
870071743
73339080
546456330
910237461
850966216
27627854
559039346
1026579497
636412484
381836566
114439954
930046029
233827067
844799902
631001672
641375819
925139221
148311261
122657565
569857322
374087096
670811233
454496207
998887942
540786830
78346784
589286705
106512847
97929892
880857160
923814265
209543448
505898978
180970448
126362029
658753166
739901267
956135090
262628788
875804184
102469709
116007645
900190675
642148023
594388460
812765405
921855788
442991518
47675674
461559220
745409365
886294506
493257395
691599131
901966928
1038076365
514105719
225302929
237091214
77678171
326758496
943245516
315691651
660911199
800225884
58981219
524724241
904716620
63651677
584764496
780927471
443154113
283153628
987995599
627223069
820385052
193812405
903183156
892890385
738089826
64543037
433020363
717637377
897451627
698702967
25290800
232195140
961464026
550103017
145901205
240365136
231373734
381816751
538076718
945182122
764234487
478445485
617949162
538907718
125372839
851585161
571332674
1042463241
98362864
993500453
470820155
1016454323
525800532
465523021
851070262
73820075
247227383
66094624
999331191
188629346
100525203
49630466
282684454
941814001
395023127
614140801
5750659
627334950
628443437
119084313
1007413350
482602935
649055892
733949143
52342880
456771086
1022739951
436927194
314096120
986259408
847134158
838628427
870208723
629224472
452274192
1026087612
506966108
520234284
906065635
429812077
728711216
1005950892
356539335
414212766
920578056
268089598
915576026
294930480
529204949
678546070
419307549
725206650
902257811
1033566573
262302499
578065225
853347228
854168125
327242640
938588953
255305730
678732026
639021346
800960403
554538947
760221563
541228054
692568284
306440891
641375958
533424956
647450478
922881182
269087099
725028084
2495812
1027444490
693035982
809860834
18017634
148350770
890143759
236477433
995594743
544556871
356513712
925762043
295686561
57669480
569171748
847173786
459949508
944912167
533476400
671940854
886720394
768384274
146289361
386003595
16809372
1047651824
813298612
99811305
1004860764
740340632
1003865600
735812699
633144197
191494049
608533872
374547697
728441718
970868754
702527501
523974826
991090291
881538636
768550663
818671926
900480657
485232688
571832176
404224677
267912100
719056596
867726305
344009321
166886208
208374126
543179987
425526553
520534906
153499987
903033145
341515763
66004951
530348925
627885149
495632355
426624644
201457830
1026133538
186006379
1008567118
26898973
877182289
423034988
148911663
136362447
559351527
600537858
558448779
27184127
208031540
628980161
868839557
12420015
453569264
864699536
197509955
490058880
309791064
750059486
238454194
1008683774
708661372
866692462
759554953
832593786
535765472
202960357
865636767
137783753
507888367
87578969
778318728
289144452
156341591
846578794
759532338
385856996
552882653
797840633
505604572
263635428
1041538874
797983268
315694374
42341952
977258663
367314946
496056492
297540478
676996963
409755810
131506932
319294222
906991216
974690535
663427768
585939555
1040714472
429248306
640973245
453601571
177476005
50284416
554172233
67955257
565092373
493999364
729412579
214074107
636267507
282650754
459278
821645452
199408571
628016656
171320195
915551781
677557204
578250286
220638022
462155608
695810652
272773618
1014224482
563749752
455146171
715198996
334857491
833231008
358438644
690406249
254122759
748723277
742470635
123537642
868298999
784171207
353833077
9008241
643413182
204925511
641368408
1004225040
337131895
488478020
240711125
889194893
513839829
789453841
34171606
561789630
462183566
399963479
58954383
154041253
954630790
87603500
674177841
675844471
867200321
374273514
457053893
942195801
3447248
445953209
475006184
465774521
904601434
513396964
327466748
90000764
444845300
751877445
90822203
948397452
794413713
568745792
535056536
25042004
1015203284
496446441
984631881
990018929
415965351
996237430
733934921
882589151
991250836
743188156
492366295
744068952
552612810
600659800
939049272
858967637
927771519
225322159
262608591
40569145
67299446
803820049
38716638
442202568
397921400
918571495
326924593
25070849
80207523
842390848
503959194
313002437
363866750
391465977
214759473
359200189
1008590025
205249420
722901718
348911944
642881786
420344056
325988364
215547316
149697323
100411166
642547424
1043855152
218352042
991238259
127009840
497799089
668989399
245931755
948223888
911711034
509164596
703779511
901412645
893505160
842629335
105473309
1009560397
660620323
841782205
288941238
736614642
476832093
865258164
75630233
698605608
663210420
729245762
112638320
318036878
882932851
711962332
201403112
960268202
779927106
146885862
889363205
609598056
206587086
323042500
1047114268
622502163
348103133
855011776
529661030
140555735
168127867
1051888730
865246272
682191891
168501151
286549249
239846807
537524220
461883071
33214573
92633849
530023669
526092546
425162884
296419059
202511244
767468060
272935484
638429258
237107889
624946103
399547325
926523635
1030974829
401961205
844612094
688016240
854622411
259612674
847587694
639710921
121748753
788004336
935338818
432532668
332846867
12973746
231861893
414705861
3823932
532457693
100309938
864638617
893135657
445299753
548336427
981506858
406754179
128632247
76368924
320094078
757774310
846712484
445349925
668568311
647149992
319380705
673677950
842712011
772275206
120892225
110071261
3736632
705786809
92887827
896449413
76244275
557461142
183547539
878971196
434179288
974784259
565127293
705524791
505856648
125677486
833756140
48574412
224485898
545313009
903295306
147885123
309078177
103133158
118621200
471508556
645615944
887250445
936534822
624629458
300339264
956240100
393177493
951784654
600157354
196015410
523279913
1015529833
354067744
310277806
880799415
250914558
137683216
1052230421
747563126
99718421
203697004
393335492
831257259
1016089546
569820504
35192259
962542635
685733366
1050152856
510490778
80278239
1026067658
846594681
935234003
436525279
462341969
605644785
952114486
231162291
368073236
169991114
281848286
900422605
902907869
896496803
430458028
66959568
741001604
842959614
334739041
795454954
754202643
264432892
225417846
516563783
862716710
382587139
184109504
415817201
64642665
130038393
721765942
1009140827
1049273160
819718746
960305414
60833695
738208510
301018567
944182954
318463206
765512225
861405657
1035149956
237220743
25862227
738947263
894569932
375489545
485182197
997339127
781126788
603971901
454066221
86548335
658791377
356221351
805795799
724364939
947288255
162929344
373336772
98789333
921865778
520133371
394934906
464921840
983596569
1043517109
836620702
351341155
279389031
327865315
27298746
980315997
85183422
293443772
758730612
748313554
1034544105
992478610
819852
303186274
23704331
588410318
488709167
579633366
366413505
968338817
38152893
128465633
560667322
551481374
354348237
612669597
491044555
142495555
542711762
867672753
1037713615
983245459
217280350
25144304
355911698
908328238
14600142
1051801992
579890852
86349926
87154895
488439863
452927797
318609675
552811369
1009096005
182506058
770439972
406573375
457714835
603952674
960201315
191250311
908981780
144615350
945534201
639951169
907551408
939229812
719983484
901540561
123545891
808362976
217214840
480990395
987449709
272743441
185534137
30047028
709621855
1027992645
410088184
1023239453
619309161
948509647
612697160
668411235
315994019
633192767
700242376
122063061
7447372
226917787
736813807
26624603
587224697
339644034
195765085
937890305
4714309
990827897
841390504
785228019
10585014
226803637
648481071
569856395
10941886
45436099
439741485
178499575
176818331
298022585
533050237
104292045
502779687
394009182
248835842
889709530
