906984868
1029303661
514473555
13923663
7408174
66807781
864675992
532682990
243498999
51364512
442427620
662173276
639424278
208297611
225666771
896305322
110346791
611702430
387137833
879132230
504703508
541520785
72755104
686549006
694922201
758337526
250268303
132450402
881257765
886556102
325975087
535061049
621640431
75918453
527654388
351373577
405204084
770762291
854707161
485104974
482202399
519647191
776121858
404472727
940460108
478366076
703984741
984024019
646016322
690642400
707070767
391858699
353940557
928693013
586118568
524168766
887351193
335354833
1018837045
590491200
474576902
628424021
176078575
402476117
1041380214
766223401
776060477
700871881
682246216
667059533
981871120
332792014
446812865
990228586
289925979
514739587
461274552
538079571
774992230
251567955
325257506
438193487
178472689
694204808
980725931
953462235
630810620
278482719
23427654
286243305
1019653492
511428106
219171796
194972644
875375718
901967456
77400169
262705936
678246562
508337089
819408086
62791522
567439884
58890106
514059488
707505684
497512248
85130174
726958664
1046701433
340356654
160166242
379816639
921605457
508235512
890290770
971674936
828147658
144578174
686217587
767239321
362524008
758103225
497670437
497599312
164430134
336413994
286832559
306262824
694887461
687173249
815785009
265673671
740133004
430596974
574743865
227815161
666444923
767452672
465589437
155173008
539139479
379503443
988325280
718724491
33552985
938797520
710641891
345461003
909783473
662069193
169195621
829910734
221316727
582700178
907141322
23679975
335264540
528510692
776602757
251159012
261006341
49891714
469013590
385125061
433024581
682468672
512169656
246016703
775977512
759673212
501589606
16587072
377001074
837168603
783416628
259991881
501831163
298681820
295299938
514915251
974757710
355453514
226289269
378444236
866364301
1045107743
955121785
69476582
309819575
939993339
256744865
236459307
712053822
542347926
340482594
604983720
412626168
275529193
771563554
445856020
221657461
413935812
959085278
637025386
85870603
577495118
43795392
258586241
243246678
120133268
185487999
305546184
125768786
605105599
897773652
449899948
706912952
987803493
410524467
448175401
71247603
431251905
488722005
311637067
277616476
837383393
392578906
72490944
370007815
635450130
208938686
329527479
727490107
542588576
854358203
670526125
722410706
488437854
634618575
1038218564
694722956
326015447
965893111
912665327
851554833
636690509
905117326
84960721
515009869
925982690
98580775
944126472
216636341
579414183
869988428
147115175
347767572
228210596
921866991
411062024
551356923
676172211
590311046
622106729
304374638
757299150
443937143
625549186
810729871
291487460
826829091
568232134
704393842
597928696
656704763
631255341
467286383
404558426
612677956
458868107
1016874721
397148174
20696176
584717090
567249269
410497648
291996290
476165359
290225264
1038154569
242871311
175432589
844564936
814940810
172508475
455350002
378199941
498704028
838124400
949825584
50540305
239887333
224731720
1044817419
705047867
995029066
178899733
24415859
781308283
104407668
536978003
222988633
849570760
197052771
446616503
616384983
672132290
402292786
443894140
593560106
564264620
355843156
693130034
148509581
86464848
762631011
418327738
372914500
174131874
397747164
967484369
808961057
487287053
678470585
904645413
376413229
533526901
813605945
591111189
358394697
383304496
821098902
941056964
376602870
322826608
1007051972
700104993
964705973
836778445
189841175
521700514
735539076
295323279
389079082
806366734
823058755
65461124
597547910
761033520
907688994
937433062
714262447
453712470
283434759
911167296
349865150
530518276
315943866
651944496
52965495
153419592
728162992
353863030
349648486
404464051
846204244
724351400
865182290
620116498
412740044
146317581
927083223
490598144
41343252
967408764
366818610
103500105
980302449
144320802
715156369
65197051
200544987
890860950
1039506042
502729846
348177576
849683373
391526724
799525415
473752418
760734696
373052775
737441018
310689668
958364438
533658538
892572776
819391569
102093255
201653194
554995179
587476179
683105374
515620540
619580008
345393724
1020009653
372533183
1041585109
431376815
426844725
342732148
144467522
970088805
817345834
471834109
661169772
954601885
471185682
366950125
262546598
20263531
496522600
730739725
262765331
100398200
723868878
394872280
85395471
36430512
970771490
677200247
464505456
563073622
85697295
579809519
202609403
369281904
571131437
169042045
150655072
532639060
24684531
100829370
193767067
737938099
837703450
331055564
430237164
439896208
842432056
354523569
1048400958
167111401
822528414
64187143
543188699
823394256
1016873986
241359364
281287608
605755056
904517826
814019971
117161343
1032768407
408141388
862764378
942371797
89215319
728051135
491030293
234372982
234040303
913375132
770843031
424349595
943668
837779779
235992221
13875063
686043485
1005110442
451297222
785787121
160574039
766535750
798000960
126584219
24644921
1043202150
716972442
330198127
561021723
828708063
691272818
978382643
856826901
182423686
246874591
982775590
236533894
324249114
347539932
633719525
25617371
671401593
969251345
711576444
208298108
236277637
1029625955
562132652
205822877
144874069
760256419
685316393
550491079
502941409
368927929
262579597
693278956
371699777
175886120
587874674
717891576
261331288
186220052
381256189
633382995
633715595
408716506
715716120
445558370
779556490
126915555
96780472
844391954
975400944
358060957
226273330
567707934
104507567
444409383
686995645
750921710
988927627
46055894
23646092
943562293
845455230
428873319
844100609
44638529
902957760
943365776
901134050
757122694
585507140
65453362
785754052
639665495
612310115
360112231
1011719346
596807464
227267472
177026913
895564294
590594527
190652104
210816310
745758461
55931544
405287916
481510151
586094176
647931859
711500038
846542687
676916974
895356647
1018745795
1009690397
776502320
412497683
399119125
499127095
192990550
342625249
421575120
605400936
37987215
79190881
349612091
904467703
1038809989
908472348
597719203
306532923
2441780
777760825
750210322
546480213
261685601
1018796885
930125158
540757854
1014162115
919591950
328973788
217291999
235412966
284511390
120198918
754806832
48791559
34070745
9783224
797387257
167579158
135967078
998046571
348948779
403533691
373719591
197500553
716265358
240123633
311690533
763217853
357329969
157268072
387737954
926425027
1007003998
569458787
729703620
775965907
41684675
550186016
303441284
717313341
766568469
450874085
467371873
935587295
12014569
49735654
782492303
636316149
365968879
978875244
910725402
515179145
728240147
380987121
990578311
143035599
991972579
145013398
564875163
298536574
748445727
641315295
610515406
218444708
73712063
209952911
463914985
250690437
169288750
182223658
711458279
124562619
918652572
851906131
25308937
296847533
287354694
31260380
259830888
719687408
172103955
1014478039
797181651
671400959
993263947
1030564417
834703150
852813866
347384353
593309166
596408488
441634302
651700184
648206650
142177844
504346779
417569210
356041853
31383877
28701829
23154911
800688745
305276130
705427198
682471548
914259481
651926650
959780660
463859728
907130894
838505417
208703344
451852593
420139428
921723040
204666482
572794750
856450348
892715050
614449163
382818368
626841005
1044499461
473207806
662431909
242898473
893491760
784354961
833574265
839027620
534471277
642625773
239851589
447913746
263591175
724917231
937762973
987810588
867577919
1017781538
106320738
71033898
428846894
785085511
273176446
52723531
1043640855
177844387
14946410
697561843
35759898
693719402
376496658
1047662341
312270127
767408700
744018213
669787350
393045677
884513471
913817281
269113900
781438921
614359302
302648806
845242223
332484840
281561450
753688372
197775846
870730014
728081143
457628695
865285855
765238179
335881432
916843706
190201620
584031161
560250475
778595003
695453072
31610587
981458980
521749966
571980230
657889945
558334326
581020376
212714715
652927309
482895084
530507565
492664181
17853857
649151982
1040577429
361967659
639539545
1047326101
87198813
726781270
710633378
406233625
932875529
897961090
839983856
222415832
443916231
730084491
243910906
472314125
473764682
28678769
538472900
518867536
476651813
20041539
594389042
886573717
657011859
347962429
185945104
309572262
126241245
821454262
967941824
754308562
273088435
1040748552
317772565
794400356
95797996
385573679
665042745
243896403
382548481
301003038
872462196
307251072
988136792
894638895
930497585
1040702415
501761673
44978954
1017114241
470411804
798989878
799493039
248487109
725934151
708034179
868641384
397691239
410207510
631186634
131767739
397039421
102041333
789452865
631686668
68296584
170401256
371735036
888634204
222578762
584296672
728658002
563916121
823814904
35611790
758244213
915461264
952627282
650339787
19541287
188104215
32459012
770432134
630261940
112897069
696679982
932289601
170302871
1051193126
31273056
974717534
60974125
360018663
5525532
558264531
871293353
517857332
307000386
190363080
1007611135
769445780
747896877
180955251
87385568
473211613
540557138
417447654
1030901418
807289527
909241874
65013577
687039093
193391652
174169893
5527218
746339353
400835339
980264498
945898803
127822047
1003468966
712381123
101210802
108939726
344536866
327709839
207054954
671587082
189263523
462942474
419794086
953612250
601587927
1043041907
656581668
476054815
616442679
950289990
766757255
310578857
542559937
278640367
594336027
1019665573
764579790
132283892
306839358
98148887
310502774
858013547
832790996
590884118
26156862
991871719
451218158
767244720
479971484
719317866
22824221
692770536
468908550
213362283
511759203
1039406620
567214477
217640603
238723800
692507141
677124870
632772073
674928710
988385797
752344239
134751398
875585585
676074415
576075564
536910488
981746646
1005416277
720706371
545789663
307911782
521194086
738002843
678537277
1009483066
449230869
10748378
236066152
243419853
108804316
1039074918
641104220
250475592
587508992
602653037
264517145
974410732
345896820
817556348
168786036
587015802
317487826
1035502490
1045253517
840976345
844525933
448980343
127959784
34929322
351482259
446846295
1034704323
586939901
72039268
283518033
961323148
841916734
66336409
375395195
524690872
517051644
847754766
315565323
615861373
257400246
551916048
830573539
531813505
995621693
641458843
760540078
296957113
562078642
146170128
1432382
661609481
986169476
809412521
404332125
716883247
497753144
955341102
854811245
1049995396
26547479
475415575
799562309
484998218
1017436215
799467051
290897095
28274902
240739617
776813980
1026441165
826615597
611576307
516015045
710968159
1022333003
841722125
4791169
693203398
1018186993
438296465
460619159
636168017
269196118
491048417
148619930
245209563
1019140529
936673630
727267443
1050954549
480839493
209007640
21487010
955798151
833080529
845710910
853350719
74019505
334081294
625337441
247073516
347770346
591686173
468377249
552181045
1037606997
19538916
852770516
887930789
129494431
999411938
728364543
627015952
353631726
788769864
350291849
677240647
890653170
270113429
941256937
347816924
809797600
985168361
567538087
134558630
941447581
1030356790
604533650
613489246
764550560
893110755
350228319
898126206
838951353
478582918
95848195
576400777
994587720
178962940
812547944
590506887
630394811
898077818
784627139
413353220
283096532
703079469
614340020
809541167
285953681
654667864
894554039
327121423
224777723
76643325
58322606
73033534
30867796
867987774
291953648
461259132
495685806
613333561
983337341
418136365
331680916
177388293
965464937
513778393
922036740
931230492
361401120
229179754
445445457
219373895
121802383
68681241
366020959
339238794
646231712
787350099
641117413
799410147
302914095
442588995
602156214
630058180
954045230
655751285
294359761
50059608
964952244
724487008
381857403
285629845
1019694906
80881990
246660495
737251834
38521804
871824497
263203373
708741332
657938857
281833574
770748510
354095045
136932484
204073844
225769891
82369314
165419717
561955172
988144569
247509193
437210151
541829792
576701656
414037425
994902724
507954639
192638123
665665522
918702898
443848937
140129592
792954541
906558296
144934718
531293456
604305265
879097305
6908733
924779047
793316170
549171973
808974565
371568883
626224751
716552552
571081985
784917418
247206803
298005107
157530375
519776301
462386023
578105623
86663852
832816424
467724517
528913423
346636490
332953942
374307036
1024778611
821761897
489101446
452363860
656382516
205050265
692009569
717381508
856833098
951139664
574458783
571515769
801420877
724512024
428060601
1006262729
1050316891
155089047
980650710
658313408
473034315
52391457
505496691
1024666491
748781703
314721287
924760743
764893627
943709282
1020425716
363140502
1024738657
352085848
551229846
804112943
546607194
757377100
646103856
909391971
526111377
734823692
203007913
95341854
723207529
621327052
749711998
853049156
62624665
938801217
583934728
1024935857
751096481
644329969
1001738983
294603723
618554311
530572480
591759010
884394134
628374286
385490975
304223692
751070805
600669716
524193977
229367427
165671119
393428768
333925785
222789706
315002496
110715284
768146687
808438340
204722214
288086044
56029532
224951949
233032188
380057575
236098670
424963343
142304460
355915695
110407236
1009364463
682739259
151097558
42672549
962054307
284856093
727047520
536862314
851598126
326603918
348228780
350911026
89141185
312099228
732526012
740335636
769591217
725691382
918441256
682300415
448166365
768200452
432519436
275957333
662471621
359986739
396687280
13606805
986466950
271807022
1014147883
787670681
168427821
62320732
810149030
458884674
636824331
324074399
412807075
593047993
9832209
278809483
840738412
269974230
983475687
935672965
1006524412
478597799
320626471
564815054
631831849
309991410
654540371
1025928582
1037605724
340617139
942728877
187631751
531448153
120500730
655024724
285751105
515191452
108778911
908148955
282753461
408093229
447271609
547314377
668306167
963053832
102983590
166786622
552284837
846528368
195562080
138934864
745887647
117823695
349365389
705439230
9803234
215231257
953286562
874902311
575302195
854392419
500905141
71458141
26554225
173402449
1045475586
946457272
559127373
483587447
288396141
765650940
370449290
374766774
528758632
470606244
654520250
1024258293
882101811
1046621614
287255564
489180735
1048580073
272593006
406381039
298319979
432276034
745891535
221773865
248456063
747206556
205238390
345229840
101442515
151360555
169512059
157176281
927760146
38494842
263030059
418744542
862979601
184065020
890492273
852053875
323784872
300054447
88225206
164368438
613144997
262748231
661780744
164727984
251136226
49538786
389854737
759816249
37639002
230225547
86032299
393705690
663984138
455660740
124889781
435261978
1018286405
626888650
780596405
234031591
395055749
258627440
261065260
788457246
407736624
655881456
536888759
259108657
122124721
569801510
455951529
393460235
374430717
244604419
312455551
349381907
656056400
999276703
681517036
119207526
895204361
107312307
336567899
281459194
101402208
829041793
719791484
395434793
808163108
136756930
561691380
136858322
200657857
531691431
206237478
702049105
664489197
1045845819
966691176
571102693
404034291
305182572
219136417
750847242
210471006
678073455
496895537
693448415
330716250
538702941
747730255
1012631761
731603233
833893592
856748932
573907427
141511536
650360444
964454542
665329755
424892954
64537231
175772919
373327881
902524448
735076683
952471955
1013999629
498188230
599377046
510154392
419717898
408839452
190867075
970893380
294317225
652949754
989279176
779654106
652615217
965643221
1043389905
886507405
932190465
843388593
512620385
754348229
581828400
651097886
23144602
66755118
953194877
294164961
525339622
391524557
832013719
1014983805
994670302
869283264
738959529
959670963
783833372
681204207
74288281
267025962
591214595
193186963
173119253
952599186
973281372
709392644
148579097
708035036
191404198
782917815
745918430
99253671
825517231
740285636
453434729
827209985
746522245
192988595
971215954
366755892
708132423
265699829
954499491
139985024
94536412
61186685
622959847
403843585
377330360
657452403
293533842
819676398
811300682
928196363
800349577
478854848
238865527
636250480
743749933
989071388
218818677
618862804
380595127
244881822
1020219629
538743434
153925163
30551116
439286401
711497999
114208032
614700299
30785159
955731905
124591141
44779142
780025437
421542220
784734958
356661267
954098857
438484261
537355376
122651058
896487234
453950941
466357701
989019502
575474229
780703848
146205736
426363419
1033820768
962611440
226105277
902377886
66205607
658332049
211824979
300486526
321453415
330391809
1001707147
23243736
24344908
146742007
861927407
629033394
1003314884
668601377
935300729
1005633284
21379344
733159538
628731335
982491706
534449443
665414575
556644027
12883218
67372756
823129517
571523176
69451650
418486940
78440925
31952859
723309940
1005316654
182678845
729247753
23585791
729735420
241110232
665877707
370444586
272332448
18680338
103503116
20596358
757090954
337582076
606412841
900871968
75528575
255544833
796232170
138285403
754515073
551123405
483601218
403769881
216747919
20996494
408138978
187245726
405113504
1052143989
992837358
702973422
921493922
730231980
123240471
956845118
642396081
238870131
206686824
589251417
732390372
326410148
789869121
664403168
803966771
129569835
541106787
560358003
1017481733
922723937
779044639
957718243
2581703
577740640
61447668
366682943
569027834
1035984356
542225719
856064783
181424349
366573309
436243110
983212278
480585895
359412600
891717106
583802919
997510479
849176486
685803223
199102852
963623607
1022174463
224627564
192042697
255260098
964602733
618805546
780785035
531159936
530289531
46274384
657101184
759147809
381050360
1017143690
1020433234
535637519
689911356
544836063
961445858
830695330
183625173
1015275496
582644060
121051369
391458031
761411100
740362266
1052576819
461923646
468771397
6716669
134036566
591201997
996004615
405046727
961371038
930030310
905381347
672144313
25737077
112584929
92272202
248141909
606080678
755638916
754778351
688033753
669708902
982087332
318628394
791047493
932270136
329796580
370993043
999193436
806630484
677141031
41697971
921983795
752035390
651347917
307475232
559545552
641689188
190510280
893845132
534560487
1024543916
110398671
749411676
787411094
415227003
638785603
340040659
763946994
762897272
316510454
291164400
402508938
1033151197
723195711
332300552
931321077
928364450
1023675541
267562537
956205448
271750989
894657772
734168718
19403924
715921269
486045444
238531561
257530147
76620258
177656952
744267548
716205104
624336229
781830657
408433430
646396985
755762966
208343931
965888610
473259765
857542299
416929029
276822595
357388522
720794392
322751474
932593960
71710318
45350992
191633569
237663239
1043802877
130232130
424857993
790714313
1047721673
501268532
73573805
661360582
871970954
308318273
649561953
730086040
405073135
131755521
1022428464
401849806
214805390
843459566
1024617203
1051311105
113123811
1624282
418340054
698465001
508455871
858061449
243962836
813147914
605287607
576019641
739345788
285533651
343755651
320832005
463702756
355865493
412223515
96353414
819482147
984887918
424006048
524702888
442228094
931471445
710997831
83768354
618989228
82682677
688960751
873506341
870266627
1030508044
41268980
466837231
466100210
517767907
831381598
348835939
552083210
861683691
702767886
719462246
457248186
958110239
949867109
893937158
921911217
541595238
276533616
104089728
447627188
478533012
789184660
211618027
48306867
456271048
335101546
431157656
527618128
349522975
472588287
484365499
499880800
400874762
1007380645
414378967
812483220
129778432
919940596
218807763
963289607
959705578
873692680
58421342
517155667
1027797550
182443881
486637143
1018292051
3281775
249321952
189457682
974640154
884335904
418137487
23742239
781486236
924174506
897301511
263435261
291618946
615341867
384832327
775733989
755966563
77209847
207005990
824537127
895474606
537454142
287757377
468237878
254200733
377712432
302475493
838512414
163368862
269722316
632693253
624530713
845382183
682273333
860088120
686736186
849312359
716427734
960375375
547243064
400010384
84337328
41117947
720648123
540548860
846484060
872498527
258678792
427305531
632086601
305570221
197312319
820506754
375578540
907214971
522910614
548895695
542541785
3728654
331970195
485752896
233531899
917876003
58058046
869067651
268764513
400492722
482590920
697590339
47501449
1010765634
496156666
1042525211
738472136
484182309
167160340
677678992
84188809
923238332
81803499
235478460
968911401
563109353
813029821
160119563
878682656
603053498
868738411
47607248
972754278
53211306
323536570
513793966
529711353
386169659
983715838
168075592
710495156
801211379
267322203
638576124
1045852169
951225670
393367612
111742803
133350177
435965300
392280230
916268330
235613057
1031000127
358875852
338671835
976401829
450772743
690893049
58745239
502850666
747505667
925762374
229037531
601868165
19194349
386271350
491303422
386106256
516206906
944340797
862710213
288582796
340141969
370833094
60625457
295356834
488411054
63230236
313556911
231772159
497243060
373771297
694767985
833026012
733966626
794816857
910803717
331460869
1010614974
82527121
484875149
226379540
701700994
7847897
20907814
167328231
944749163
755462531
616791107
382400512
902057614
324716256
378444899
945395703
650651146
838087050
171791984
383776284
687981624
571068396
646226937
1023483978
810392038
399325736
148891752
628376446
411649892
1028099541
695500130
281008474
19228486
145221118
225069153
383578022
890209134
1013939461
401457766
324303224
977228672
450129609
811266002
283828128
674458053
648752418
623821610
232397321
71692546
849632323
562239373
174052703
1044910221
820204083
292335590
447815460
865988574
696469081
74001892
460498685
845099828
9597550
74250962
916216061
677424016
309759968
845209690
63985526
840758800
588476599
490246604
408713321
478065490
279974248
901235576
265133769
622289291
352183831
318103368
351594035
191481974
825269182
812072774
737151552
413075880
429616346
757642218
301465331
333626206
879546444
81252636
260118799
401623387
834269544
90814356
991386818
387994718
977873477
150865452
63906132
956153833
533981237
337895040
515829385
450972379
313379042
731277743
353786632
135797037
891260322
652870170
890633053
955710491
722880578
891058375
916732014
171693151
110808371
543016148
96174842
46154079
564372006
626993922
140467999
585541201
176457892
107171906
215125220
922402515
733435249
106063795
836664596
888686290
902638427
597916080
684122434
818899696
15927292
52586031
264966810
409743440
318224092
499342425
410401784
328443478
349044729
430267544
330531775
311844283
459450938
465743572
642137306
677472671
602417237
556683609
786995400
482579097
44716302
885100942
419882660
534808732
663163227
239464720
274706588
336653434
986094179
909318047
628185524
39682665
341068376
150657757
275723490
130221327
138141627
932674175
996552993
10769151
47418810
140746134
611562905
842441
503437251
779554879
274402084
1026754660
725963160
696823661
309947192
166914888
118677061
5632497
23192112
494456848
345958075
779851160
85565552
155117317
70370956
116482915
616951821
607023163
836565792
765442301
564695961
709176423
1046814837
427064116
556363706
384361799
662522808
899441769
546935632
379136774
196851295
1031224915
279106245
758568066
686000030
141427447
202022386
110579592
102827823
329612528
167636671
537840037
496637961
804803893
841675642
832340399
364664006
132497129
1033209692
229984242
172149231
844975354
1018596187
477291814
373054095
362452368
36507230
721482477
40672213
163579853
849579648
951017604
708984855
634943905
113531526
280652578
743358754
132275097
460264522
242582405
731847095
392316610
877471884
64796295
343921268
980963746
179044613
359256361
701735222
737920215
946111983
932545291
865763961
713525060
144350695
846046529
122956149
294427639
399293362
950882432
304224509
263699117
18093291
492445582
853525028
453325633
89447904
279556476
321175325
18454150
188239591
239186752
61323099
832291560
321051969
668925307
22834394
685930639
436467392
858305596
1026515779
858347719
377092833
199439643
1004075594
124592602
188745507
464825347
461142107
7986157
65822545
111064319
960805336
656710854
725172438
325153769
876929093
747269997
181685604
810660599
897154443
277314431
570233403
34655340
295411011
770872136
664520222
651503233
208497959
60816066
807083135
692198100
65289177
193585677
28583162
526175644
197576351
51514891
109716145
345827770
763552060
639501749
769361691
682353159
725710047
59732732
783781041
166971572
411664013
821140702
303962039
1038611616
105198744
623321568
763312775
254701169
723288370
532645086
206018548
593638819
867069777
161305461
320022546
522756300
493080826
722509013
783944160
827952204
293983876
92756130
408422236
586999802
191395173
234277150
491738577
69727973
431917744
379731556
51530026
717728828
184653696
1044733400
102566366
204666016
892615673
527740437
88396564
549923992
708373677
292790418
331187414
363581830
341887984
527392183
801329206
209320832
841901083
473828684
956499332
242152975
945964570
215909188
1008023096
810464331
314058724
671259169
1017244070
752933459
507123801
649933378
850574760
390229479
512886607
417328986
100768255
106952557
729414854
642832916
527779191
737182055
238821458
436774895
684695118
919282848
758423821
565642984
438374648
119514270
887231880
893602053
788125680
85802737
502083527
490637921
1032385482
775388628
182500648
869159493
901259989
231854323
357790111
218482346
186307734
616044243
224687406
766626444
650739161
763167233
686279576
658208912
1021616258
522579899
468766886
666953764
48968162
403804343
989612192
114815986
357768731
449687352
428572864
913627744
612672845
253302923
294126225
723302222
987735422
851496305
154227362
216204859
422676590
812689406
152332401
253611382
428660156
633108986
611660150
672105970
518266899
87955418
1053078007
306355824
77851917
309718031
449118928
578785408
176452667
806056724
611317907
649771115
1048231579
783777816
8599634
806924426
229193976
1044255618
564417704
242032917
803178314
823921161
199949483
433098519
982635333
669628527
2023194
93005428
618784600
407957032
873622903
239205620
74139125
511810907
812876345
603363555
359949122
94739703
307520347
722909812
151141873
413270960
256084211
816843778
1050172621
538208246
267202817
833758995
448633064
1019115208
23366747
356689974
792484215
982796822
228704986
408500346
63050556
495196568
986447842
3651832
28495198
286130237
75430681
1051858072
37587417
783730412
18853104
946760079
769511081
1004425936
615886618
606999528
191963967
953521342
866901867
45249179
967421802
546451670
815248046
440210819
873397459
572783899
437171382
27849258
683659086
350234416
606957081
224235122
672106899
908322755
809354002
1001699793
74131907
303379636
172060736
265547453
130518834
813536651
353621272
396309955
858823140
906710935
799835047
609697241
548462090
737836672
220067792
469743387
335033760
299335460
789064161
466865287
1031151541
630840505
318573182
1002969117
557700155
48434359
45796078
80740547
922176468
1018084382
327588279
129495222
17704990
1043360283
330937593
1025695280
196780004
317596174
964632389
200218
864194453
752106562
297099833
734992234
1007093462
45444979
944265490
316674856
409590939
616016601
1355988
950360238
136013933
391054421
391487698
411051777
723010225
526072245
830583381
691996330
95036084
484075922
945655446
343933421
948400388
389901951
430777764
497796140
283670695
392656552
5374936
1050427228
477241850
440368578
493788127
280651928
124588499
172107518
1050605871
13548052
103335829
399283740
907092582
564779884
632910297
113678130
159675016
273612832
209065919
197786012
36946328
777296146
929014939
807865774
431739715
79398358
985458232
658948024
844494038
690012034
878910394
615049960
289291693
314356342
759310896
195871148
628118228
970433945
872137215
835783290
649355218
806846055
802108066
1020610634
752705136
508158131
179117779
237695544
216682100
27031557
678900020
101414513
912406819
518088850
536367676
1049240896
316953858
991333350
409473279
81285873
351216529
683517477
981997514
17967770
354004091
391006226
993257435
670597484
169453758
234607329
539229971
260675034
93317329
648665222
901167278
724699751
841361928
82032449
480090860
82690833
311300033
215980193
168984650
888161168
482512782
522899608
879742543
287146872
364144257
328550333
830798365
976204978
552966228
804251618
379613437
952649053
691943735
1044306559
373130543
835279308
373799157
506309378
187454868
905420419
716144545
542195838
739337817
360233021
725254769
172934033
1052386607
535820606
41158630
138718449
988420939
714048823
555970191
404933497
77455642
931673735
427006583
379872717
293067364
76663357
250775637
823691942
830473643
289764925
181596842
962618627
272152174
44823409
589469742
1033571938
43794849
1022534668
831549222
35098940
87062044
940583609
303400712
696677431
612379927
42970403
214631716
512906907
799033719
421038595
883953089
703311408
735492824
143529733
989776460
372497727
769254049
746163180
829288916
1013528560
183223270
688846825
713736075
650129934
1052643343
1042502125
231301579
802175200
403272678
964760641
435820641
324616276
941260186
981088376
159326251
624823180
460026393
235590228
1018086574
437083684
441030763
62686251
914126741
880925073
688639218
892715015
265998713
402037026
920531344
175593985
87841428
536127896
603019719
288096333
561189717
629761687
296194678
179114660
705217145
889903885
734415999
806863552
648631472
226963825
36897249
595758119
369229260
559149874
144915619
770902086
766281090
173835335
318557700
525691261
792134586
1047366617
667743428
119042249
1041063412
535083776
421653309
976168415
478013777
907732975
576885034
847312753
506532181
954819772
571600408
960935497
47111371
456209706
870070999
551652635
949653055
609469239
265759593
178832118
9057814
785233596
216287686
330632203
356487572
329842218
424507610
715760203
1047439818
763814562
122993008
830274389
191675403
768778417
436527347
127889169
914760248
400252209
1014773944
1018047818
859058662
789687941
331158367
275491390
206640751
62622557
300154869
169209094
416210571
505295301
695573265
1053724057
170075181
980814289
470088871
872266585
827854721
268253569
677201618
953668229
1022339379
554445455
345468765
641599534
159735387
514346500
18807541
52151463
58350789
940391557
155395526
775340498
270958098
507061091
676219245
1016531385
673715049
657191940
341689810
888072487
329760554
724907263
351320709
778461800
373686612
899760004
379770823
665745657
935436595
986187949
730095567
941441414
174731493
238677364
993330504
166841658
584334562
420473018
471205051
682499118
907462590
258175325
302749668
929828405
349106078
288043554
620579722
939846086
641759121
235239442
1002774253
547752686
765098787
930124594
60096677
779632374
350162772
700050392
1017521870
170546474
233748820
719307206
88444793
551849448
554540653
266129622
982052239
710007577
230294615
907980259
817650022
775881380
188240528
587898804
885200911
1012423295
434446106
990709278
1045247707
355705157
417018325
542938833
884882738
8999036
568752138
861832654
1048992291
1018919922
578110438
814235781
393348590
612247806
217898077
470874985
944522485
323836305
883742129
576389417
969417292
618179111
677775141
200168452
422733923
94860113
276838180
1015006220
315868527
183165091
321870075
231252431
830589404
511744330
451415548
200217322
536753604
715601278
863523713
981740374
856325615
927243151
550790262
618541072
309218870
775582089
173380663
146030744
20566244
396254518
257035336
13863105
250201190
833772576
679181869
88586448
800264197
566140349
362805726
702081575
2194864
1049270466
235824191
573023787
365157756
393952991
230610389
65548892
658599112
639759986
158540704
14361073
997917296
313703740
262403930
317619030
76102902
465120747
254099189
467482363
169802624
711813545
98708609
978498867
425310794
25632511
584631518
783317538
267858181
397610697
650940614
922190057
584023436
415234118
998687735
716203122
167972280
969602893
872013130
299031838
214535776
1005295286
304355541
580406453
371326348
477449071
984196430
544881329
275302363
586857485
334285441
216286549
1019732180
886632954
777302398
713827599
837107722
150663183
321871650
930416308
426657536
732114933
74047691
943584675
200287313
189626159
608858172
324273865
648200035
909854115
902564646
931717357
837299812
419354215
536325955
939567102
1165476
221199126
20331105
504546075
403955028
757778953
739414789
28191493
24705480
334976528
901717655
1014016848
857962647
130866108
604338762
843006398
901674529
479969051
537130425
571945945
913656643
582121923
806937970
612707264
419066508
338952050
698561561
755032042
125301698
334873092
1043191012
1017142991
493046153
348619157
951417816
581342722
469300013
589830681
276829827
915642372
652883898
915462551
93430612
877818357
339470901
905237253
793445271
490062376
315564356
835818461
726947702
636237998
367698311
344960461
181410270
614817343
144899987
183958324
817483797
314949966
455153988
92777473
730516803
196142738
892117832
597339470
765710877
205803156
543381980
903171683
387203545
905263432
740665056
878908450
11209900
468724211
633733248
822964222
90241333
845331771
701570068
438795729
534250914
859552122
666222138
1013902746
246425315
947956201
565722414
750466234
854068928
965481586
914121431
920559536
315584125
444974051
696453667
762354714
120932805
348891533
431745743
169613313
995338301
290216827
1033888322
621427317
397743078
132051567
25235130
294305153
114110668
605744525
881225080
571978444
103487995
492399941
908369295
639738425
920558217
996213000
983787854
7769734
677877814
310292315
264131333
12387823
179715307
973195110
968039769
207663767
251521170
21868575
890489126
341939856
578356022
794781643
419374657
1051500074
718238343
757826593
941625670
899904973
827628983
85972518
118816603
781390158
447109386
156819861
665631391
174318152
477990061
970124586
993492575
901703130
914148579
212364503
232510858
401764031
901865021
744185181
1028307468
745804605
194264912
941523421
624162665
290121396
368201058
667937126
294264384
714329007
821889172
921046928
704648572
295832904
566994846
1030449634
653725152
360282318
673758181
213871910
824355685
949209594
969246902
771052293
864479814
1034263401
153080189
428166402
33940795
191962883
174444010
785783666
950873764
1012307876
902215555
955113136
150960614
987239656
767291795
536666923
317265333
452963536
605181707
45474419
559115668
44972606
950251761
40511457
960946266
801304623
317050558
1033482218
978639983
969421905
374595810
690473206
290854291
914807073
946469040
230992779
504811491
577209491
568802866
315766394
679273888
867915733
611161437
440895517
44181359
997280054
335389805
528527253
371125104
182363411
669973112
182013866
983045573
548704894
507734705
409343948
327679865
102819697
658574135
591379140
500070595
634909062
221148742
80881267
713143707
429425881
746164700
357356879
170875146
173047987
1025280336
22482971
252473975
1032952400
520460132
761228784
309715335
997264902
883118658
671834670
366635942
985831394
729410382
426574007
944864510
38729111
764308196
531683416
41419084
531254202
122914325
191990050
304793293
752821004
295495891
26388947
417161581
1012505876
131466763
1043579200
125850045
322526621
734819334
865055780
767135220
606378331
802525386
193147138
438323493
736101024
139868024
1048376207
776964352
421353367
186195498
659833372
395745144
56921344
495393209
218086268
827783299
701213761
1027247879
346080423
830046926
629663126
283868053
780649510
363392460
56677282
316288420
781565253
247481995
821921306
310470091
622207297
425598653
789761221
846959255
616646189
71611098
628618730
87628907
927536042
574228807
35496437
313195770
837374581
70237643
363147000
412600055
692389555
987611814
446798087
401350394
116208149
699791923
387768114
470928733
164371753
174191447
1052797354
980968879
500234113
101992174
913499821
992804796
77473288
362747433
193683624
106514765
32921168
256208592
599401104
1029267304
49721102
275825320
104292804
168168827
922695778
673925583
18561299
931722033
1038333394
848604383
520185534
894695072
243360235
310105629
518680948
833715125
235675431
401431355
739575482
946361636
767182773
830985289
596690255
596716134
683152635
299032169
190971376
482678336
776756280
270295852
334885933
374154632
893364891
486593379
871008860
106906223
442682434
108268350
485312027
624847434
230771565
258367368
44456653
365560883
932188587
723478795
54080716
570576022
483191420
268025430
952863440
621086211
530976876
120581294
949311715
808469361
207879422
307038490
492428667
848779835
98098288
666494238
387937058
544960831
386748634
954223243
860278375
645450580
991121732
468896706
748487410
981338125
583242274
760315942
615478835
256584601
861552016
65705219
276247009
960980412
321013621
352634348
923659379
428643129
336296538
704642624
504795504
596487735
776317101
438434753
25257169
856263161
294980464
930088073
407280781
522227763
382640179
747395355
469270521
945747750
397011187
737401785
752040776
891471096
951797059
307355332
776029985
246441375
917159380
574165438
1030464082
472959816
705351751
742683392
444200370
588193661
604902673
1019653737
1037632088
349547872
90240726
114892171
559375049
418789378
333839165
923402221
861870380
103229585
218484142
272014623
769556112
936970628
436625502
1005153995
362307813
246031710
550024021
370080653
322688297
521203105
94697489
167500706
306575474
173944837
102166257
1053766654
284721446
593487695
705928776
1017689486
856776793
69468356
724790097
213427390
6482321
887256096
362857
948942549
331381348
757598357
604783914
935582381
1028026806
635142500
516738846
580656870
27388374
36199074
133135125
775468743
338175546
13929272
387131870
545955974
373626641
134354453
801558510
142849341
328559551
793865565
984904186
962167029
310081448
669743164
54014260
305856276
916713432
910087567
743543385
948077157
293211906
362387557
760601620
797740638
116387478
558177333
736867668
720685554
322428905
481046289
993855372
759990097
1033456884
257893429
1007481526
569235010
379197206
661350399
893512442
465484469
120833617
1024416079
590953539
48381968
700452634
513053531
998026106
46826689
597707298
664154481
490694448
390502530
523236921
206281472
450060859
353043798
776569403
833191110
573906673
845813797
180548270
694345190
634822030
43559233
1028269359
73776263
767008298
352636977
507496779
222728162
159875152
785243795
426218336
381503117
988528061
841577443
296381179
749808757
369335256
669428262
758478237
390956441
86372259
131515522
683637003
873700779
263353839
218088528
906645926
346683400
264152285
188102590
794288614
286090889
694259243
550116346
8752013
184787932
788383383
703413828
138984366
499610975
514235891
120510654
610879103
489725619
379188074
947101471
252034975
16153103
939158727
1048102133
728243260
573163788
1040988261
328836449
176829184
379974010
516219151
163775928
645034186
122675532
469922387
902775812
241084462
535235139
305604466
978930277
978421969
667580161
847983022
168272443
222274882
501204231
130322943
1029895983
14507669
997684276
945206579
280133893
752575236
142665470
576512699
466466359
933473145
417988537
961976285
1032336343
358730625
245344838
925817220
948014558
930064155
201141219
404439420
631126931
273471023
131087557
235163081
490431720
985544975
396431959
264283549
619172541
118308356
452468577
734853221
764805919
451713939
43228515
599995068
233114080
168369069
88183538
680324331
432565493
796731341
16101763
361253400
357994296
435105418
537738787
1041534274
126422149
702573848
352946620
839963121
497892167
639723977
1014730661
587257405
482929819
656100660
553098848
618838392
27547053
939221767
738965433
403594535
513729540
968322106
171172285
582611915
637432283
575232812
493410742
294997865
560269181
1005797251
811754702
191551916
814939485
676251862
810888196
26328928
657263520
822026828
876692805
240555695
722336027
279239958
80695048
269689756
132963420
546308530
439729157
850183121
76659322
896820548
625324075
701680479
85126014
714463261
617407169
435115107
360082073
624600585
1006133153
451319154
615992861
263281976
1017648740
497297576
1044184209
369543766
976163766
466425955
194149174
192453764
295021084
537989114
662173283
335547295
632125984
591817892
1041376289
314412463
982802136
1002602851
272707384
73213680
665117295
500558591
832520100
209131342
232681880
428766093
1010510260
924428516
697111130
51340752
704147854
660374316
513382384
435530752
802935064
225775023
797991906
892593231
26745574
815052982
217059594
244852237
895580890
97546474
792766968
991338830
506781761
308107065
777874444
915998431
188147798
695044218
794422103
228991958
11813017
935291722
401614384
371711923
627844339
93248157
407592147
264552104
453812030
