16388
16386
16384
16389
16383
16382
16378
16385
16385
16384
16388
16378
16382
16385
16385
16383
16377
16383
16384
16388
16377
16380
16384
16385
16382
16380
16385
16376
16380
16382
16380
16383
16378
16384
16379
16374
16380
16375
16378
16378
16373
16375
16375
16373
16374
16375
16379
16370
16373
16370
16376
16369
16367
16368
16366
16371
16371
16364
16367
16363
16367
16369
16367
16369
16359
16369
16360
16364
16364
16360
16355
16365
16359
16355
16357
16360
16354
16352
16350
16357
16354
16348
16349
16352
16342
16348
16344
16350
16345
16349
16348
16350
16345
16350
16338
16342
16340
16341
16339
16333
16337
16338
16334
16331
16335
16327
16332
16328
16327
16326
16324
16332
16331
16324
16323
16320
16322
16322
16321
16311
16318
16312
16309
16317
16309
16311
16310
16309
16312
16306
16308
16305
16305
16295
16299
16302
16293
16296
16287
16295
16292
16285
16284
16289
16289
16283
16278
16283
16278
16279
16274
16281
16275
16270
16269
16266
16270
16263
16258
16261
16255
16262
16261
16257
16260
16254
16250
16248
16251
16243
16240
16240
16245
16237
16237
16244
16233
16238
16233
16224
16231
16221
16220
16227
16220
16215
16218
16211
16216
16213
16209
16209
16202
16209
16197
16206
16205
16194
16199
16205
16191
16190
16186
16185
16180
16183
16180
16181
16173
16175
16175
16168
16169
16162
16166
16155
16159
16158
16152
16157
16151
16148
16145
16147
16141
16137
16136
16134
16134
16133
16129
16125
16130
16127
16124
16124
16114
16115
16113
16107
16107
16105
16103
16099
16103
16098
16089
16092
16087
16086
16088
16078
16079
16077
16080
16077
16070
16065
16062
16065
16059
16057
16055
16050
16046
16045
16040
16044
16039
16038
16039
16027
16033
16022
16024
16024
16021
16015
16017
16007
16011
16004
16003
16000
15994
15991
15990
15990
15987
15988
15982
15981
15971
15966
15972
15965
15969
15957
15959
15956
15945
15953
15952
15943
15937
15936
15933
15932
15927
15934
15922
15928
15913
15916
15909
15907
15909
15902
15901
15899
15891
15891
15892
15879
15882
15875
15879
15873
15868
15869
15860
15855
15858
15855
15847
15851
15842
15843
15842
15837
15834
15830
15825
15822
15822
15817
15809
15808
15803
15798
15797
15797
15795
15787
15786
15778
15780
15772
15771
15766
15765
15760
15763
15759
15754
15743
15746
15737
15733
15725
15726
15724
15728
15718
15718
15713
15712
15705
15701
15699
15695
15690
15694
15689
15677
15675
15673
15666
15665
15660
15661
15649
15650
15640
15641
15640
15635
15626
15626
15623
15621
15616
15613
15613
15602
15605
15594
15593
15588
15585
15579
15582
15574
15569
15566
15561
15560
15557
15552
15546
15538
15541
15531
15528
15525
15525
15512
15512
15511
15499
15499
15497
15491
15492
15489
15481
15473
15469
15472
15468
15457
15452
15459
15445
15440
15443
15434
15434
15428
15416
15417
15418
15406
15407
15401
15395
15387
15383
15386
15379
15375
15372
15362
15361
15356
15357
15345
15344
15340
15334
15329
15324
15320
15321
15318
15313
15305
15299
15294
15292
15286
15282
15278
15274
15263
15263
15255
15257
15251
15242
15235
15237
15227
15227
15222
15216
15211
15202
15202
15198
15192
15185
15188
15178
15172
15172
15169
15166
15154
15152
15140
15141
15139
15136
15122
15121
15117
15119
15106
15105
15096
15096
15088
15080
15071
15075
15074
15062
15059
15054
15045
15040
15042
15036
15026
15025
15023
15020
15009
14999
15001
14995
14990
14982
14984
14972
14967
14961
14959
14953
14953
14944
14940
14933
14925
14917
14915
14915
14905
14904
14896
14893
14884
14876
14874
14875
14862
14852
14854
14850
14844
14839
14830
14820
14824
14816
14816
14806
14801
14790
14789
14782
14782
14777
14765
14763
14758
14751
14747
14744
14733
14728
14726
14720
14710
14704
14703
14698
14690
14685
14677
14678
14671
14656
14657
14651
14649
14636
14635
14629
14623
14613
14605
14608
14597
14598
14597
14584
14581
14576
14564
14559
14556
14550
14536
14538
14535
14527
14519
14510
14514
14502
14496
14489
14482
14476
14467
14467
14466
14452
14450
14443
14434
14432
14425
14419
14414
14408
14407
14397
14390
14388
14380
14365
14370
14358
14353
14343
14340
14332
14327
14322
14318
14305
14304
14295
14298
14285
14278
14268
14271
14265
14253
14250
14246
14235
14231
14227
14215
14208
14198
14194
14190
14188
14186
14176
14163
14162
14154
14147
14141
14134
14133
14126
14113
14116
14102
14098
14083
14086
14082
14065
14069
14064
14049
14046
14038
14033
14023
14027
14011
14007
13997
13995
13984
13982
13974
13969
13961
13953
13952
13940
13939
13929
13918
13916
13911
13906
13895
13892
13884
13875
13864
13858
13850
13850
13841
13833
13832
13822
13819
13810
13800
13800
13785
13783
13773
13765
13759
13759
13748
13738
13733
13733
13717
13712
13705
13704
13692
13687
13681
13672
13665
13659
13648
13641
13640
13624
13626
13614
13613
13599
13591
13590
13581
13572
13566
13564
13558
13547
13534
13537
13528
13517
13510
13504
13493
13489
13479
13470
13466
13457
13449
13444
13440
13435
13431
13415
13412
13401
13396
13395
13379
13379
13362
13363
13349
13342
13333
13332
13322
13311
13313
13298
13294
13286
13272
13272
13260
13254
13252
13241
13234
13219
13214
13211
13205
13199
13191
13182
13169
13167
13159
13146
13145
13144
13133
13125
13110
13113
13102
13090
13087
13078
13070
13060
13054
13050
13032
13036
13025
13015
13007
13003
12994
12986
12973
12971
12964
12959
12949
12937
12934
12930
12916
12915
12900
12891
12886
12881
12871
12861
12858
12845
12834
12832
12833
12813
12807
12802
12793
12782
12776
12759
12758
12754
12742
12736
12725
12716
12720
12701
12696
12691
12682
12673
12662
12658
12651
12639
12636
12625
12618
12609
12602
12592
12583
12572
12570
12561
12555
12543
12538
12530
12526
12503
12508
12495
12487
12482
12480
12468
12449
12443
12439
12431
12427
12407
12403
12399
12391
12383
12375
12361
12347
12350
12337
12330
12317
12315
12308
12292
12288
12280
12284
12269
12255
12256
12240
12233
12224
12219
12207
12199
12188
12183
12172
12164
12155
12146
12141
12128
12124
12111
12106
12098
12086
12078
12072
12058
12055
12046
12046
12024
12013
12018
12003
11994
11988
11986
11973
11958
11955
11949
11937
11922
11917
11913
11895
11890
11883
11872
11871
11860
11847
11839
11834
11827
11814
11806
11792
11787
11780
11768
11762
11751
11742
11741
11723
11718
11709
11696
11690
11684
11683
11664
11656
11648
11645
11633
11620
11611
11598
11590
11584
11581
11570
11560
11555
11541
11531
11527
11515
11505
11498
11487
11480
11465
11459
11449
11444
11434
11422
11412
11403
11398
11385
11383
11367
11361
11355
11336
11328
11321
11316
11309
11296
11288
11279
11267
11262
11249
11245
11241
11223
11218
11205
11199
11188
11180
11167
11160
11155
11138
11130
11121
11107
11105
11092
11085
11069
11069
11059
11049
11041
11029
11021
11014
11003
10992
10983
10974
10964
10953
10945
10932
10926
10915
10912
10899
10893
10878
10875
10863
10850
10839
10835
10822
10816
10810
10793
10789
10776
10766
10758
10747
10737
10733
10717
10714
10701
10695
10685
10672
10661
10654
10648
10638
10627
10615
10600
10597
10580
10576
10574
10559
10548
10539
10532
10512
10512
10500
10492
10480
10468
10462
10451
10440
10430
10426
10411
10406
10401
10384
10382
10365
10360
10343
10336
10322
10316
10308
10296
10277
10270
10264
10255
10251
10237
10227
10218
10211
10197
10191
10177
10170
10156
10151
10138
10131
10119
10106
10096
10089
10080
10065
10063
10052
10039
10033
10022
10007
9998
9994
9981
9965
9965
9950
9946
9930
9921
9905
9897
9890
9879
9874
9861
9857
9837
9827
9820
9811
9800
9795
9778
9765
9753
9757
9743
9729
9725
9709
9700
9688
9674
9667
9658
9650
9634
9626
9618
9605
9598
9586
9577
9559
9557
9542
9540
9528
9517
9505
9495
9490
9476
9463
9453
9439
9432
9430
9415
9396
9390
9386
9371
9368
9352
9342
9327
9322
9310
9293
9282
9279
9271
9258
9244
9245
9225
9224
9205
9201
9182
9178
9161
9157
9146
9131
9118
9116
9105
9096
9083
9077
9062
9050
9042
9028
9021
9006
8999
8987
8975
8965
8959
8945
8931
8921
8913
8904
8896
8875
8873
8860
8846
8846
8828
8816
8808
8796
8783
8774
8764
8756
8744
8732
8724
8714
8704
8689
8677
8672
8652
8649
8638
8631
8616
8604
8594
8581
8572
8560
8547
8543
8531
8522
8511
8499
8490
8477
8466
8455
8451
8437
8422
8411
8401
8389
8376
8367
8361
8347
8340
8333
8312
8307
8291
8286
8273
8263
8253
8238
8227
8224
8206
8195
8181
8177
8164
8154
8146
8135
8121
8107
8098
8084
8075
8063
8054
8043
8035
8016
8015
8003
7989
7982
7967
7961
7946
7939
7916
7910
7897
7896
7884
7868
7863
7846
7834
7826
7813
7800
7792
7778
7769
7752
7746
7735
7729
7705
7698
7687
7678
7667
7660
7643
7636
7626
7615
7597
7591
7580
7567
7564
7545
7533
7526
7512
7497
7491
7477
7469
7460
7440
7431
7423
7407
7403
7381
7381
7369
7354
7340
7333
7323
7310
7295
7289
7275
7263
7255
7243
7232
7217
7205
7199
7183
7172
7160
7153
7144
7129
7122
7104
7099
7082
7073
7057
7052
7039
7030
7014
7007
6991
6984
6968
6963
6948
6934
6917
6914
6906
6891
6881
6870
6855
6845
6826
6823
6811
6797
6790
6776
6766
6756
6740
6727
6717
6706
6698
6685
6670
6664
6655
6636
6623
6615
6608
6596
6581
6570
6556
6547
6540
6527
6511
6505
6487
6480
6471
6452
6443
6435
6415
6412
6394
6379
6372
6365
6349
6341
6329
6319
6305
6294
6281
6273
6255
6244
6230
6226
6211
6201
6190
6175
6166
6151
6147
6133
6123
6109
6099
6084
6079
6062
6047
6035
6023
6016
5998
5994
5977
5968
5956
5942
5930
5921
5912
5898
5886
5871
5864
5852
5837
5826
5812
5805
5796
5779
5768
5758
5737
5734
5724
5707
5699
5683
5670
5664
5650
5639
5621
5617
5598
5592
5578
5569
5557
5546
5528
5514
5508
5493
5482
5471
5458
5448
5436
5421
5412
5400
5393
5370
5358
5358
5344
5330
5317
5300
5294
5284
5264
5259
5249
5239
5219
5211
5199
5190
5171
5163
5146
5137
5127
5118
5107
5090
5078
5070
5057
5046
5035
5018
5008
4993
4981
4976
4964
4946
4935
4919
4910
4897
4887
4878
4862
4846
4837
4827
4817
4802
4792
4781
4769
4752
4745
4735
4721
4707
4695
4679
4673
4663
4651
4636
4625
4611
4599
4589
4576
4566
4551
4537
4531
4515
4503
4490
4481
4463
4455
4446
4430
4419
4405
4402
4377
4370
4362
4349
4336
4321
4305
4295
4289
4270
4260
4249
4234
4223
4213
4193
4184
4172
4163
4149
4135
4131
4108
4105
4090
4078
4067
4054
4042
4035
4016
4005
3995
3983
3975
3962
3942
3929
3917
3914
3899
3889
3873
3862
3844
3835
3823
3807
3796
3785
3771
3764
3745
3734
3718
3710
3698
3688
3672
3665
3653
3644
3632
3612
3602
3592
3579
3568
3553
3542
3529
3519
3506
3495
3485
3473
3458
3438
3424
3416
3408
3391
3377
3371
3359
3343
3331
3318
3308
3296
3285
3266
3258
3248
3232
3218
3211
3191
3176
3170
3161
3149
3137
3117
3116
3107
3086
3077
3059
3039
3027
3025
3011
2995
2988
2983
2955
2948
2938
2925
2910
2899
2884
2876
2860
2849
2841
2827
2812
2797
2784
2779
2765
2757
2737
2730
2714
2709
2692
2677
2672
2655
2638
2629
2611
2607
2587
2574
2572
2559
2538
2526
2518
2504
2490
2481
2464
2457
2440
2427
2419
2404
2394
2382
2367
2355
2341
2330
2317
2310
2296
2281
2261
2260
2241
2237
2218
2206
2200
2182
2168
2155
2138
2126
2119
2097
2093
2077
2072
2060
2041
2033
2020
2009
1991
1980
1970
1954
1942
1928
1918
1904
1885
1877
1865
1859
1843
1833
1815
1809
1787
1779
1771
1754
1748
1729
1718
1709
1696
1684
1674
1659
1640
1630
1621
1600
1592
1587
1568
1554
1545
1527
1517
1507
1495
1484
1472
1460
1445
1422
1418
1407
1395
1377
1373
1353
1338
1335
1317
1307
1288
1278
1264
1253
1240
1231
1215
1206
1192
1179
1168
1153
1145
1136
1117
1103
1094
1080
1072
1053
1046
1031
1016
1002
996
976
971
955
942
930
910
908
892
874
861
861
842
825
814
808
794
781
768
757
742
726
716
705
695
678
668
655
641
635
617
606
588
578
567
549
538
526
517
503
489
477
467
454
443
429
420
399
388
377
362
354
337
330
309
298
291
274
265
252
241
227
218
196
190
174
159
150
136
124
119
103
83
73
65
51
37
26
18
1053818880
1053818864
1053818857
1053818845
1053818829
1053818817
1053818812
1053818793
1053818782
1053818769
1053818752
1053818742
1053818723
1053818714
1053818713
1053818693
1053818683
1053818672
1053818651
1053818645
1053818629
1053818621
1053818601
1053818591
1053818581
1053818566
1053818553
1053818537
1053818531
1053818519
1053818507
1053818487
1053818478
1053818469
1053818459
1053818439
1053818435
1053818417
1053818404
1053818392
1053818377
1053818368
1053818351
1053818342
1053818329
1053818315
1053818299
1053818294
1053818284
1053818265
1053818258
1053818244
1053818224
1053818217
1053818205
1053818192
1053818174
1053818164
1053818153
1053818140
1053818130
1053818115
1053818099
1053818086
1053818083
1053818060
1053818055
1053818035
1053818024
1053818014
1053818003
1053817984
1053817977
1053817964
1053817954
1053817931
1053817931
1053817910
1053817902
1053817889
1053817870
1053817868
1053817850
1053817837
1053817822
1053817819
1053817801
1053817786
1053817781
1053817765
1053817750
1053817733
1053817720
1053817711
1053817706
1053817686
1053817677
1053817667
1053817658
1053817639
1053817622
1053817617
1053817601
1053817589
1053817575
1053817568
1053817549
1053817545
1053817524
1053817512
1053817497
1053817488
1053817474
1053817461
1053817445
1053817438
1053817423
1053817416
1053817396
1053817391
1053817373
1053817361
1053817347
1053817336
1053817318
1053817315
1053817299
1053817289
1053817276
1053817264
1053817249
1053817234
1053817224
1053817213
1053817201
1053817191
1053817179
1053817168
1053817149
1053817133
1053817125
1053817110
1053817097
1053817089
1053817075
1053817069
1053817049
1053817034
1053817021
1053817016
1053816996
1053816986
1053816976
1053816965
1053816950
1053816946
1053816922
1053816917
1053816898
1053816885
1053816875
1053816865
1053816847
1053816844
1053816826
1053816813
1053816799
1053816783
1053816776
1053816761
1053816749
1053816741
1053816719
1053816707
1053816700
1053816687
1053816678
1053816667
1053816651
1053816639
1053816627
1053816605
1053816604
1053816589
1053816575
1053816560
1053816548
1053816537
1053816530
1053816513
1053816503
1053816495
1053816478
1053816462
1053816452
1053816441
1053816422
1053816414
1053816401
1053816384
1053816378
1053816369
1053816351
1053816338
1053816328
1053816314
1053816303
1053816285
1053816276
1053816262
1053816256
1053816242
1053816225
1053816217
1053816200
1053816192
1053816178
1053816163
1053816155
1053816134
1053816128
1053816115
1053816105
1053816092
1053816079
1053816072
1053816057
1053816038
1053816031
1053816015
1053816008
1053815993
1053815982
1053815972
1053815956
1053815940
1053815934
1053815921
1053815910
1053815901
1053815888
1053815872
1053815860
1053815846
1053815826
1053815818
1053815810
1053815798
1053815776
1053815768
1053815753
1053815739
1053815734
1053815723
1053815707
1053815699
1053815683
1053815672
1053815658
1053815642
1053815632
1053815622
1053815617
1053815603
1053815589
1053815574
1053815561
1053815552
1053815537
1053815522
1053815516
1053815502
1053815488
1053815469
1053815462
1053815454
1053815440
1053815422
1053815417
1053815405
1053815393
1053815370
1053815367
1053815356
1053815338
1053815330
1053815315
1053815303
1053815297
1053815282
1053815266
1053815254
1053815242
1053815231
1053815215
1053815202
1053815193
1053815183
1053815170
1053815157
1053815144
1053815134
1053815124
1053815109
1053815096
1053815079
1053815072
1053815059
1053815047
1053815032
1053815020
1053815013
1053814998
1053814988
1053814967
1053814963
1053814946
1053814940
1053814920
1053814912
1053814901
1053814887
1053814871
1053814869
1053814857
1053814840
1053814831
1053814807
1053814802
1053814787
1053814782
1053814764
1053814753
1053814741
1053814729
1053814711
1053814704
1053814694
1053814682
1053814673
1053814657
1053814651
1053814632
1053814622
1053814609
1053814597
1053814588
1053814571
1053814557
1053814550
1053814534
1053814524
1053814508
1053814499
1053814488
1053814471
1053814462
1053814452
1053814440
1053814426
1053814415
1053814406
1053814389
1053814378
1053814366
1053814355
1053814342
1053814333
1053814318
1053814309
1053814293
1053814282
1053814272
1053814258
1053814248
1053814232
1053814218
1053814209
1053814193
1053814186
1053814171
1053814159
1053814153
1053814140
1053814130
1053814113
1053814101
1053814092
1053814074
1053814063
1053814051
1053814041
1053814026
1053814014
1053814005
1053813993
1053813980
1053813970
1053813960
1053813944
1053813932
1053813920
1053813910
1053813894
1053813887
1053813870
1053813866
1053813844
1053813833
1053813823
1053813817
1053813800
1053813789
1053813773
1053813770
1053813760
1053813741
1053813727
1053813718
1053813707
1053813693
1053813681
1053813669
1053813658
1053813644
1053813633
1053813623
1053813610
1053813596
1053813587
1053813580
1053813562
1053813552
1053813539
1053813531
1053813517
1053813505
1053813495
1053813483
1053813471
1053813457
1053813444
1053813433
1053813422
1053813408
1053813399
1053813386
1053813369
1053813360
1053813352
1053813343
1053813324
1053813314
1053813303
1053813295
1053813277
1053813277
1053813252
1053813243
1053813225
1053813217
1053813209
1053813198
1053813181
1053813179
1053813168
1053813147
1053813136
1053813127
1053813113
1053813109
1053813092
1053813080
1053813062
1053813054
1053813040
1053813026
1053813025
1053813016
1053812999
1053812985
1053812975
1053812957
1053812953
1053812935
1053812930
1053812915
1053812905
1053812893
1053812875
1053812862
1053812862
1053812844
1053812830
1053812821
1053812811
1053812794
1053812786
1053812773
1053812766
1053812748
1053812739
1053812724
1053812714
1053812704
1053812692
1053812674
1053812669
1053812658
1053812647
1053812629
1053812619
1053812613
1053812597
1053812589
1053812578
1053812566
1053812558
1053812537
1053812523
1053812521
1053812511
1053812492
1053812485
1053812466
1053812457
1053812440
1053812438
1053812430
1053812411
1053812402
1053812394
1053812373
1053812369
1053812361
1053812345
1053812334
1053812319
1053812312
1053812298
1053812286
1053812280
1053812265
1053812254
1053812240
1053812233
1053812213
1053812213
1053812196
1053812186
1053812168
1053812161
1053812149
1053812143
1053812124
1053812115
1053812104
1053812095
1053812081
1053812070
1053812059
1053812052
1053812039
1053812029
1053812013
1053812004
1053811995
1053811974
1053811965
1053811956
1053811949
1053811931
1053811919
1053811906
1053811896
1053811885
1053811877
1053811862
1053811849
1053811841
1053811832
1053811818
1053811815
1053811802
1053811786
1053811773
1053811762
1053811754
1053811737
1053811728
1053811713
1053811705
1053811699
1053811686
1053811675
1053811658
1053811651
1053811638
1053811623
1053811617
1053811605
1053811590
1053811578
1053811570
1053811560
1053811550
1053811533
1053811524
1053811510
1053811505
1053811493
1053811481
1053811472
1053811457
1053811451
1053811426
1053811422
1053811415
1053811401
1053811393
1053811384
1053811374
1053811359
1053811348
1053811333
1053811322
1053811313
1053811299
1053811295
1053811277
1053811266
1053811260
1053811247
1053811240
1053811228
1053811212
1053811206
1053811190
1053811185
1053811169
1053811163
1053811146
1053811136
1053811125
1053811113
1053811099
1053811089
1053811082
1053811069
1053811063
1053811043
1053811041
1053811025
1053811016
1053810998
1053810988
1053810982
1053810974
1053810961
1053810948
1053810938
1053810922
1053810922
1053810899
1053810887
1053810887
1053810874
1053810857
1053810849
1053810836
1053810823
1053810812
1053810808
1053810798
1053810781
1053810774
1053810763
1053810752
1053810738
1053810728
1053810718
1053810712
1053810698
1053810686
1053810672
1053810663
1053810658
1053810640
1053810625
1053810620
1053810611
1053810600
1053810585
1053810578
1053810565
1053810557
1053810537
1053810534
1053810522
1053810510
1053810501
1053810488
1053810479
1053810469
1053810463
1053810445
1053810434
1053810424
1053810415
1053810405
1053810390
1053810383
1053810370
1053810360
1053810356
1053810343
1053810330
1053810322
1053810309
1053810296
1053810282
1053810271
1053810263
1053810247
1053810238
1053810236
1053810227
1053810206
1053810202
1053810192
1053810170
1053810172
1053810155
1053810150
1053810135
1053810128
1053810114
1053810106
1053810092
1053810085
1053810077
1053810065
1053810052
1053810048
1053810027
1053810018
1053810007
1053809994
1053809986
1053809981
1053809970
1053809956
1053809943
1053809942
1053809926
1053809913
1053809915
1053809897
1053809879
1053809877
1053809864
1053809848
1053809835
1053809836
1053809819
1053809813
1053809797
1053809786
1053809781
1053809765
1053809759
1053809750
1053809740
1053809724
1053809716
1053809700
1053809702
1053809686
1053809674
1053809665
1053809645
1053809643
1053809635
1053809620
1053809613
1053809602
1053809588
1053809581
1053809569
1053809565
1053809545
1053809546
1053809529
1053809517
1053809509
1053809497
1053809491
1053809481
1053809469
1053809452
1053809448
1053809438
1053809428
1053809418
1053809403
1053809391
1053809387
1053809372
1053809359
1053809349
1053809349
1053809334
1053809321
1053809318
1053809305
1053809290
1053809286
1053809275
1053809265
1053809246
1053809242
1053809230
1053809224
1053809208
1053809197
1053809189
1053809181
1053809179
1053809158
1053809147
1053809142
1053809127
1053809121
1053809112
1053809101
1053809090
1053809084
1053809080
1053809057
1053809054
1053809038
1053809023
1053809016
1053809008
1053809002
1053808988
1053808985
1053808967
1053808954
1053808954
1053808940
1053808929
1053808919
1053808911
1053808902
1053808887
1053808882
1053808873
1053808867
1053808855
1053808839
1053808834
1053808813
1053808810
1053808800
1053808792
1053808778
1053808772
1053808759
1053808756
1053808743
1053808736
1053808714
1053808716
1053808699
1053808699
1053808685
1053808675
1053808664
1053808651
1053808645
1053808636
1053808624
1053808616
1053808603
1053808592
1053808587
1053808573
1053808561
1053808553
1053808545
1053808535
1053808526
1053808515
1053808503
1053808490
1053808492
1053808477
1053808472
1053808458
1053808449
1053808439
1053808422
1053808418
1053808411
1053808396
1053808391
1053808379
1053808373
1053808362
1053808353
1053808335
1053808333
1053808323
1053808310
1053808301
1053808296
1053808280
1053808281
1053808267
1053808257
1053808246
1053808232
1053808226
1053808215
1053808211
1053808198
1053808191
1053808175
1053808170
1053808160
1053808155
1053808142
1053808133
1053808120
1053808118
1053808101
1053808089
1053808086
1053808074
1053808063
1053808055
1053808044
1053808031
1053808025
1053808021
1053808006
1053808000
1053807987
1053807972
1053807984
1053807961
1053807948
1053807941
1053807932
1053807928
1053807920
1053807905
1053807899
1053807888
1053807875
1053807875
1053807858
1053807853
1053807839
1053807826
1053807829
1053807814
1053807802
1053807802
1053807780
1053807774
1053807768
1053807756
1053807754
1053807736
1053807732
1053807720
1053807712
1053807700
1053807701
1053807682
1053807679
1053807668
1053807663
1053807642
1053807638
1053807629
1053807620
1053807607
1053807605
1053807591
1053807589
1053807572
1053807560
1053807557
1053807545
1053807538
1053807536
1053807518
1053807513
1053807500
1053807493
1053807489
1053807482
1053807466
1053807453
1053807448
1053807437
1053807432
1053807422
1053807405
1053807401
1053807396
1053807386
1053807379
1053807364
1053807358
1053807352
1053807337
1053807335
1053807318
1053807314
1053807307
1053807290
1053807288
1053807277
1053807269
1053807262
1053807257
1053807242
1053807232
1053807225
1053807218
1053807210
1053807199
1053807193
1053807178
1053807174
1053807166
1053807155
1053807144
1053807138
1053807126
1053807125
1053807108
1053807104
1053807097
1053807086
1053807075
1053807074
1053807061
1053807047
1053807041
1053807035
1053807023
1053807014
1053807007
1053806997
1053806985
1053806979
1053806970
1053806960
1053806950
1053806947
1053806941
1053806924
1053806911
1053806909
1053806905
1053806896
1053806893
1053806878
1053806868
1053806862
1053806846
1053806842
1053806837
1053806825
1053806820
1053806809
1053806807
1053806794
1053806778
1053806773
1053806769
1053806757
1053806744
1053806737
1053806730
1053806723
1053806713
1053806710
1053806699
1053806691
1053806679
1053806670
1053806663
1053806661
1053806652
1053806634
1053806628
1053806624
1053806613
1053806607
1053806603
1053806591
1053806580
1053806574
1053806569
1053806554
1053806550
1053806544
1053806530
1053806527
1053806513
1053806510
1053806510
1053806494
1053806480
1053806477
1053806467
1053806461
1053806449
1053806442
1053806431
1053806425
1053806424
1053806405
1053806400
1053806397
1053806384
1053806377
1053806372
1053806365
1053806354
1053806344
1053806336
1053806330
1053806322
1053806315
1053806303
1053806297
1053806290
1053806283
1053806275
1053806260
1053806254
1053806247
1053806236
1053806234
1053806224
1053806216
1053806204
1053806197
1053806189
1053806185
1053806181
1053806170
1053806162
1053806150
1053806144
1053806138
1053806125
1053806115
1053806117
1053806102
1053806098
1053806092
1053806083
1053806069
1053806064
1053806057
1053806047
1053806045
1053806039
1053806025
1053806026
1053806014
1053806005
1053805995
1053805988
1053805982
1053805971
1053805969
1053805963
1053805954
1053805943
1053805937
1053805921
1053805914
1053805918
1053805897
1053805894
1053805886
1053805877
1053805873
1053805863
1053805860
1053805853
1053805839
1053805836
1053805832
1053805816
1053805807
1053805802
1053805796
1053805792
1053805785
1053805779
1053805767
1053805757
1053805750
1053805742
1053805737
1053805730
1053805716
1053805714
1053805709
1053805695
1053805691
1053805685
1053805679
1053805673
1053805660
1053805654
1053805649
1053805639
1053805635
1053805621
1053805621
1053805615
1053805598
1053805598
1053805588
1053805582
1053805578
1053805562
1053805559
1053805547
1053805541
1053805541
1053805528
1053805521
1053805509
1053805510
1053805496
1053805497
1053805478
1053805482
1053805471
1053805462
1053805457
1053805449
1053805444
1053805435
1053805432
1053805416
1053805414
1053805405
1053805405
1053805389
1053805391
1053805376
1053805368
1053805366
1053805360
1053805349
1053805342
1053805334
1053805330
1053805322
1053805314
1053805309
1053805295
1053805296
1053805289
1053805278
1053805277
1053805264
1053805255
1053805253
1053805242
1053805239
1053805229
1053805221
1053805213
1053805210
1053805201
1053805192
1053805192
1053805179
1053805171
1053805166
1053805166
1053805155
1053805153
1053805146
1053805139
1053805128
1053805115
1053805111
1053805109
1053805097
1053805098
1053805090
1053805080
1053805075
1053805063
1053805056
1053805050
1053805044
1053805043
1053805035
1053805029
1053805023
1053805019
1053805008
1053805004
1053804991
1053804990
1053804970
1053804973
1053804968
1053804960
1053804953
1053804946
1053804940
1053804933
1053804921
1053804921
1053804916
1053804910
1053804902
1053804894
1053804887
1053804884
1053804873
1053804867
1053804858
1053804858
1053804846
1053804846
1053804833
1053804830
1053804824
1053804817
1053804810
1053804802
1053804801
1053804791
1053804783
1053804777
1053804769
1053804766
1053804760
1053804748
1053804739
1053804739
1053804731
1053804729
1053804723
1053804715
1053804707
1053804699
1053804693
1053804686
1053804687
1053804678
1053804669
1053804659
1053804656
1053804654
1053804644
1053804637
1053804628
1053804630
1053804623
1053804613
1053804604
1053804603
1053804596
1053804590
1053804582
1053804581
1053804570
1053804561
1053804559
1053804554
1053804543
1053804545
1053804542
1053804526
1053804525
1053804515
1053804510
1053804499
1053804494
1053804492
1053804486
1053804480
1053804474
1053804463
1053804463
1053804459
1053804442
1053804447
1053804442
1053804441
1053804423
1053804419
1053804408
1053804407
1053804403
1053804398
1053804396
1053804381
1053804381
1053804376
1053804362
1053804357
1053804353
1053804348
1053804346
1053804341
1053804327
1053804331
1053804318
1053804313
1053804311
1053804303
1053804300
1053804293
1053804288
1053804278
1053804273
1053804270
1053804266
1053804257
1053804250
1053804241
1053804242
1053804241
1053804230
1053804227
1053804215
1053804207
1053804206
1053804195
1053804194
1053804190
1053804181
1053804174
1053804177
1053804162
1053804167
1053804155
1053804155
1053804147
1053804141
1053804131
1053804128
1053804121
1053804111
1053804111
1053804111
1053804097
1053804100
1053804095
1053804085
1053804081
1053804080
1053804069
1053804073
1053804060
1053804060
1053804048
1053804040
1053804043
1053804027
1053804027
1053804026
1053804017
1053804004
1053804006
1053803999
1053803995
1053803989
1053803988
1053803978
1053803982
1053803970
1053803965
1053803958
1053803956
1053803948
1053803945
1053803937
1053803935
1053803924
1053803920
1053803914
1053803917
1053803908
1053803901
1053803899
1053803894
1053803892
1053803877
1053803879
1053803864
1053803866
1053803867
1053803855
1053803853
1053803846
1053803842
1053803837
1053803828
1053803830
1053803820
1053803813
1053803808
1053803806
1053803805
1053803798
1053803797
1053803791
1053803787
1053803773
1053803776
1053803774
1053803762
1053803760
1053803754
1053803751
1053803742
1053803736
1053803736
1053803730
1053803727
1053803719
1053803720
1053803708
1053803707
1053803699
1053803698
1053803692
1053803687
1053803681
1053803674
1053803675
1053803670
1053803659
1053803658
1053803657
1053803647
1053803639
1053803634
1053803630
1053803634
1053803628
1053803622
1053803611
1053803610
1053803603
1053803600
1053803603
1053803594
1053803593
1053803587
1053803579
1053803581
1053803570
1053803567
1053803565
1053803558
1053803564
1053803541
1053803549
1053803540
1053803530
1053803532
1053803534
1053803521
1053803516
1053803515
1053803517
1053803512
1053803511
1053803500
1053803497
1053803488
1053803487
1053803480
1053803479
1053803470
1053803465
1053803464
1053803463
1053803449
1053803453
1053803449
1053803432
1053803439
1053803438
1053803435
1053803422
1053803424
1053803421
1053803408
1053803403
1053803401
1053803402
1053803393
1053803390
1053803385
1053803381
1053803383
1053803378
1053803372
1053803363
1053803370
1053803363
1053803359
1053803351
1053803352
1053803346
1053803347
1053803335
1053803331
1053803326
1053803318
1053803316
1053803314
1053803313
1053803312
1053803304
1053803298
1053803296
1053803291
1053803287
1053803289
1053803279
1053803272
1053803268
1053803271
1053803263
1053803262
1053803252
1053803255
1053803250
1053803246
1053803245
1053803242
1053803229
1053803233
1053803230
1053803224
1053803222
1053803215
1053803220
1053803216
1053803210
1053803205
1053803196
1053803197
1053803180
1053803183
1053803185
1053803182
1053803176
1053803170
1053803165
1053803163
1053803162
1053803159
1053803155
1053803149
1053803141
1053803142
1053803144
1053803138
1053803135
1053803130
1053803128
1053803122
1053803119
1053803115
1053803107
1053803113
1053803107
1053803108
1053803107
1053803094
1053803093
1053803085
1053803085
1053803080
1053803078
1053803076
1053803079
1053803067
1053803058
1053803066
1053803063
1053803058
1053803051
1053803050
1053803046
1053803046
1053803039
1053803036
1053803038
1053803027
1053803032
1053803022
1053803022
1053803023
1053803019
1053803018
1053803008
1053803013
1053803001
1053802994
1053802993
1053802993
1053802988
1053802985
1053802986
1053802980
1053802979
1053802974
1053802976
1053802966
1053802971
1053802962
1053802957
1053802957
1053802957
1053802949
1053802951
1053802937
1053802948
1053802938
1053802941
1053802938
1053802932
1053802930
1053802930
1053802919
1053802920
1053802919
1053802915
1053802920
1053802908
1053802912
1053802903
1053802901
1053802900
1053802895
1053802897
1053802885
1053802886
1053802885
1053802882
1053802880
1053802881
1053802870
1053802866
1053802867
1053802861
1053802865
1053802863
1053802856
1053802853
1053802851
1053802845
1053802852
1053802836
1053802840
1053802833
1053802831
1053802836
1053802830
1053802828
1053802825
1053802820
1053802820
1053802815
1053802817
1053802819
1053802816
1053802809
1053802805
1053802811
1053802800
1053802805
1053802796
1053802797
1053802793
1053802791
1053802789
1053802786
1053802787
1053802778
1053802776
1053802778
1053802770
1053802773
1053802765
1053802768
1053802772
1053802756
1053802756
1053802756
1053802750
1053802755
1053802755
1053802749
1053802745
1053802745
1053802746
1053802740
1053802740
1053802735
1053802735
1053802734
1053802734
1053802725
1053802727
1053802725
1053802723
1053802718
1053802716
1053802721
1053802714
1053802709
1053802705
1053802709
1053802708
1053802704
1053802703
1053802696
1053802702
1053802697
1053802694
1053802690
1053802686
1053802689
1053802688
1053802682
1053802681
1053802678
1053802677
1053802678
1053802677
1053802671
1053802666
1053802667
1053802665
1053802673
1053802662
1053802656
1053802657
1053802661
1053802654
1053802660
1053802649
1053802652
1053802651
1053802644
1053802647
1053802645
1053802642
1053802642
1053802632
1053802641
1053802640
1053802630
1053802626
1053802626
1053802633
1053802628
1053802629
1053802626
1053802624
1053802625
1053802622
1053802624
1053802613
1053802621
1053802615
1053802609
1053802615
1053802607
1053802614
1053802604
1053802606
1053802599
1053802603
1053802598
1053802597
1053802599
1053802594
1053802597
1053802597
1053802593
1053802593
1053802584
1053802593
1053802588
1053802583
1053802587
1053802581
1053802582
1053802587
1053802576
1053802573
1053802582
1053802575
1053802578
1053802568
1053802572
1053802573
1053802575
1053802566
1053802566
1053802562
1053802567
1053802564
1053802553
1053802563
1053802562
1053802560
1053802559
1053802565
1053802557
1053802546
1053802552
1053802555
1053802550
1053802551
1053802554
1053802547
1053802548
1053802552
1053802540
1053802540
1053802543
1053802544
1053802542
1053802542
1053802537
1053802535
1053802542
1053802540
1053802536
1053802531
1053802537
1053802534
1053802535
1053802538
1053802538
1053802534
1053802530
1053802528
1053802531
1053802528
1053802524
1053802527
1053802525
1053802523
1053802526
1053802522
1053802525
1053802523
1053802520
1053802521
1053802519
1053802522
1053802519
1053802515
1053802517
1053802515
1053802512
1053802516
1053802515
1053802516
1053802518
1053802514
1053802510
1053802510
1053802516
1053802511
1053802514
1053802514
1053802506
1053802509
1053802510
1053802510
1053802507
1053802503
1053802505
1053802506
1053802510
1053802504
1053802514
1053802510
1053802504
1053802511
1053802505
1053802508
1053802503
1053802497
1053802509
1053802504
1053802496
1053802507
1053802501
1053802505
1053802501
1053802498
1053802499
1053802504
1053802497
1053802501
1053802505
1053802504
1053802498
1053802492
1053802501
1053802495
1053802497
1053802495
1053802499
1053802502
1053802495
1053802500
1053802496
1053802491
1053802495
1053802495
1053802496
1053802498
1053802497
1053802500
1053802497
